,Planar,Macroscopic
0,0.9129159580282135,-4.228984319332212
1,0.8901445758936385,-4.228984260582975
2,0.8285070086280472,-4.228983726500287
3,0.7299452903625071,-4.228982708281339
4,0.5866318699712469,-4.228981191282648
5,0.40596377674628537,-4.228979158030294
6,0.20030456050248374,-4.228976591905695
7,-0.02672675142603021,-4.2289734818956
8,-0.2710909818779723,-4.228969829206239
9,-0.5322064068042779,-4.228965647163097
10,-0.8219575330233514,-4.22896096725284
11,-1.150454502862847,-4.228955837608941
12,-1.5157905666313565,-4.2289503186981605
13,-1.9108962259296067,-4.228944483384619
14,-2.3249527317141463,-4.228938426760696
15,-2.764115559732345,-4.228932253430418
16,-3.2460924798822632,-4.228926082104657
17,-3.7729535420106215,-4.228920032737438
18,-4.333248708213627,-4.228914228851405
19,-4.909455680394209,-4.2289087827541945
20,-5.489569875690433,-4.228903802839152
21,-6.053559450545167,-4.228899376393154
22,-6.583027253380335,-4.228895575724683
23,-7.061916804671757,-4.228892448498863
24,-7.480795361410232,-4.228890028415406
25,-7.832183128716048,-4.228888328072655
26,-8.107006173649085,-4.228887357155233
27,-8.322254584981627,-4.228887114047438
28,-8.50490970402802,-4.228887598914367
29,-8.673975895346212,-4.228888796580638
30,-8.84289639412813,-4.228890688173306
31,-9.013652299132126,-4.228893235037857
32,-9.174206508756935,-4.228896392028173
33,-9.304020577572308,-4.2289000946040165
34,-9.383595056789819,-4.228904285413244
35,-9.40992912008356,-4.228908904191548
36,-9.383560599752432,-4.2289139152437
37,-9.303951183687296,-4.228919295163431
38,-9.174101318655973,-4.228925055845326
39,-9.01351019399641,-4.2289312237343735
40,-8.842716395059194,-4.228937856466502
41,-8.673757310779779,-4.228945015313025
42,-8.504652593446162,-4.22895277403538
43,-8.321959772607608,-4.22896118831716
44,-8.106675688050766,-4.228970309646727
45,-7.831820022290522,-4.228980154568843
46,-7.48040403286547,-4.228990724367084
47,-7.0615026656961195,-4.229001983753197
48,-6.582597054004163,-4.22901388306346
49,-6.053120682261748,-4.229026336589488
50,-5.489130996183666,-4.229039250940243
51,-4.909025260662197,-4.2290525071715415
52,-4.332835573332618,-4.229065991025353
53,-3.772565749616117,-4.229079571276648
54,-3.245737540877819,-4.229093135872087
55,-2.7637994398879147,-4.229106571335766
56,-2.3246804239639753,-4.229119799779881
57,-1.9106709724887179,-4.229132755868703
58,-1.5156146364144556,-4.2291454231087044
59,-1.150328925554177,-4.229157805776072
60,-0.8218831562469007,-4.229169962014432
61,-0.5321832139311904,-4.229181969296668
62,-0.2711188723447901,-4.229193955242224
63,-0.026804679778559957,-4.229206061194475
64,0.20017776569225512,-4.229218469854267
65,0.4057907292008001,-4.229231366895633
66,0.5864155265274761,-4.229244974033308
67,0.7296897801328999,-4.229259511512089
68,0.8282161654851301,-4.229275236678496
69,0.8898225132417541,-4.229292410212703
70,0.9125651843776545,-4.229311339897224
71,0.889767981512432,-4.2293323476456
72,0.8281037608953726,-4.2293558141752685
73,0.7295135381291706,-4.229382136027799
74,0.586167578722249,-4.229411757909792
75,0.40546265748970256,-4.229445109305342
76,0.19976144993764702,-4.229482614712609
77,-0.027315751150655748,-4.229524610233027
78,-0.2717294749477475,-4.229571345589316
79,-0.5328955513523636,-4.229622899079789
80,-0.8226974189002667,-4.229679191720569
81,-1.1512426598907881,-4.229739919950738
82,-1.5166235183496455,-4.229804596299
83,-1.9117679727515622,-4.2298725064448774
84,-2.3258567362671103,-4.229942777500165
85,-2.765043495923173,-4.230014357451258
86,-3.247036349649047,-4.230086106188431
87,-3.77390415960135,-4.2301567897268555
88,-4.334198229894393,-4.230225183570687
89,-4.9103961628517405,-4.230290068053267
90,-5.490495866778445,-4.230350326125355
91,-6.054466376762742,-4.230404921462796
92,-6.583913960180319,-4.230452973515888
93,-7.062783591387427,-4.230493701075124
94,-7.481646298095409,-4.230526470184963
95,-7.833023638472548,-4.230550714035601
96,-8.107845189837985,-4.230565985963888
97,-8.323102001639171,-4.2305719128194
98,-8.505778310213515,-4.230568295428917
99,-8.674878688241849,-4.230555101528004
100,-8.84384889376527,-4.230532583750473
101,-9.014669922646902,-4.230501240812974
102,-9.1753072704053,-4.230461865732882
103,-9.305222724966852,-4.23041540144501
104,-9.384920134706281,-4.23036288182719
105,-9.411399662469872,-4.23030520419789
106,-9.385203256829236,-4.230243047221573
107,-9.305793713364515,-4.230176677761673
108,-9.17617485039551,-4.230105968069803
109,-9.015844791684971,-4.230030338616877
110,-8.845341773567844,-4.229948917535628
111,-8.676696997209007,-4.229860593128768
112,-8.507924068386398,-4.229764244438035
113,-8.32556851694081,-4.229658800824811
114,-8.110616172905155,-4.229543433282064
115,-7.836070998402425,-4.22941754160166
116,-7.4849313772438135,-4.229280870560214
117,-7.066256375907454,-4.229133427604523
118,-6.58751602787432,-4.2289755586716264
119,-6.058131278838211,-4.228807843475498
120,-5.494153407785887,-4.228631166764406
121,-4.913973108351832,-4.2284466010483435
122,-4.33762314240085,-4.228255470594282
123,-3.777107663396725,-4.228059217548564
124,-3.2499556059239345,-4.227859448642214
125,-2.767621113508758,-4.227657777932568
126,-2.328044067680402,-4.227455856220842
127,-1.9135219016353266,-4.2272551942727645
128,-1.5179084741031177,-4.2270571925026434
129,-1.1520259950989333,-4.2268629705787175
130,-0.8229521912268867,-4.226673425067531
131,-0.5325980938170528,-4.226489092327045
132,-0.27086565501096876,-4.226310250713217
133,-0.025881106714632732,-4.2261368188038535
134,0.20175401011943556,-4.225968495390858
135,0.4079847348256665,-4.225804670069596
136,0.5891717821338909,-4.225644564012167
137,0.7329422802839546,-4.225487117341384
138,0.8318925387324941,-4.225331097676602
139,0.8938599472927492,-4.225174934877011
140,0.9169161727198708,-4.225016784911962
141,0.8944138437054223,-4.22485432612904
142,0.8330534393262612,-4.2246848245863005
143,0.7348075998339986,-4.224504973410207
144,0.5918670544097037,-4.224311058323024
145,0.4116453659698943,-4.224098926030986
146,0.20650585828901585,-4.223864313083144
147,-0.019934698224972992,-4.223602941224219
148,-0.26365374695545624,-4.223310923451487
149,-0.5240831337241529,-4.222984866037838
150,-0.8131304459990119,-4.222622247895131
151,-1.140921652992418,-4.222221467764724
152,-1.5055726930469004,-4.221782173584515
153,-1.9000279090225463,-4.221305235802441
154,-2.313489366490701,-4.220792973632049
155,-2.7521238957987757,-4.220248939012458
156,-3.233657217864734,-4.219677878889866
157,-3.760166446401127,-4.21908517466789
158,-4.320214406449827,-4.218476462745623
159,-4.896279213176559,-4.217856793841687
160,-5.476361346957632,-4.217230148777724
161,-6.040420040397381,-4.216598695232727
162,-6.570053836271853,-4.215962639784839
163,-7.049188056712555,-4.21531997867741
164,-7.468378112312475,-4.2146669219661055
165,-7.820120346638397,-4.213998137151532
166,-8.095326276870084,-4.213307510042213
167,-8.310961767983784,-4.212588475067833
168,-8.493995671303791,-4.211834669364166
169,-8.66341091575353,-4.211040009586592
170,-8.832641469745255,-4.2101990834502345
171,-9.00364865569216,-4.209307014675012
172,-9.164385893870518,-4.208359784524583
173,-9.294291328995469,-4.207354121180384
174,-9.373849637152777,-4.206287918585779
175,-9.400027547665303,-4.205160175651976
176,-9.373338148837556,-4.203971386820158
177,-9.293204131038003,-4.202723320577813
178,-9.162600794292619,-4.201419184865446
179,-9.00099553124235,-4.20006311483443
180,-8.828918867218892,-4.1986600855970595
181,-8.658400967084335,-4.197215183125579
182,-8.487482824295114,-4.195733416590669
183,-8.302744497985381,-4.1942189595237656
184,-8.085232902915587,-4.192675063604507
185,-7.808016389273899,-4.19110347657986
186,-7.454180784629169,-4.189504631494132
187,-7.0328707311622995,-4.187877328075875
188,-6.551657675946899,-4.186219175028284
189,-6.02004885546684,-4.1845263954583976
190,-5.454179199204488,-4.1827942934161575
191,-4.872483812813456,-4.181016921672212
192,-4.295013307842309,-4.17918736541571
193,-3.733730840121192,-4.177297172922369
194,-3.2060904514464585,-4.175336506661686
195,-2.723419365358955,-4.173293545346366
196,-2.2835201863282535,-4.171154821334517
197,-1.8685356241153488,-4.168904932471841
198,-1.4721945043117448,-4.166527339404879
199,-1.1052110580787984,-4.164004501064498
200,-0.7746082935746775,-4.16131905849796
201,-0.48226564561042984,-4.158454150616388
202,-0.21809925575428513,-4.155394640338279
203,0.029745077715547484,-4.1521272383379095
204,0.2606188396644085,-4.148641442880037
205,0.4704295490913337,-4.144929230891214
206,0.6554778926639397,-4.14098558417468
207,0.8033387143778271,-4.136807695155254
208,0.9065267203548858,-4.132395096591447
209,0.9728019526589156,-4.127748463648713
210,1.0001313909470861,-4.122869511198216
211,0.9817784806695983,-4.117759640382848
212,0.9243429391919388,-4.1124199593762025
213,0.8297325020051051,-4.106850191324516
214,0.6900791010256664,-4.1010492125235505
215,0.5127885389734994,-4.095014453904162
216,0.3102295157326921,-4.088742941743263
217,0.08607729645826032,-4.082230915787736
218,-0.1555810326073347,-4.075474886802392
219,-0.4140720419989142,-4.068470797920118
220,-0.7012112899980026,-4.061214358369767
221,-1.0270104137144416,-4.053699098876325
222,-1.3895019797154862,-4.0459156402073635
223,-1.7815333391305048,-4.037848746195217
224,-2.1922422235338472,-4.0294761227114995
225,-2.6277078737225357,-4.020765398663496
226,-3.1055882799096293,-4.011673509300741
227,-3.627852971867297,-4.002144386193934
228,-4.182967768201948,-3.9921092481344096
229,-4.753271921104194,-3.9814843695187085
230,-5.326650666128202,-3.9701715397031063
231,-5.882927820010007,-3.9580525911608366
232,-6.403622321584438,-3.9450033602465338
233,-6.872589372885976,-3.9309522812257716
234,-7.280397132654745,-3.9156973593705127
235,-7.6195767949284,-3.8988491514734864
236,-7.881160557402532,-3.8799349006939523
237,-8.082243627957977,-3.8584552309752667
238,-8.249989989252619,-3.8340100384339806
239,-8.403556076535892,-3.806380630694787
240,-8.556586199587862,-3.7754181337542505
241,-8.71119642433242,-3.741000171103291
242,-8.855503994403975,-3.7030191396107632
243,-8.969027023004042,-3.66131819566056
244,-9.032322965617986,-3.6156646176196925
245,-9.042336590589569,-3.5657963038272134
246,-8.999560478372347,-3.5114198269776544
247,-8.903320367419926,-3.452201395708346
248,-8.756532278224988,-3.3878621554615895
249,-8.578562427885219,-3.3181197277214936
250,-8.389913015955878,-3.242550800895707
251,-8.202559150197471,-3.1607628334394793
252,-8.01456079532101,-3.0724925443246405
253,-7.812458276226224,-2.9775463423182393
254,-7.577282134391073,-2.8758192693058384
255,-7.281948224732988,-2.767290079060862
256,-6.9093386778017285,-2.651955174822766
257,-6.468188150312107,-2.5297717146530685
258,-5.965574032086585,-2.4007023543978008
259,-5.410298172106626,-2.26473088395229
260,-4.81774694381166,-2.1218097698862812
261,-4.20544519533701,-1.9716732007275173
262,-3.5925536436756085,-1.8138539037465433
263,-2.9899893370220436,-1.6478478096286828
264,-2.414192364354309,-1.4732936712322715
265,-1.8750929674000847,-1.2900666301568517
266,-1.370074022327098,-1.0982002607035746
267,-0.8849600926619609,-0.8980049141122582
268,-0.404349974443615,-0.6900445829850547
269,0.07416349471307139,-0.4751057878724965
270,0.5493892609926977,-0.25410236496121125
271,1.02131123469756,-0.02804912070049035
272,1.4930642221357235,0.20191636737163887
273,1.963803619459118,0.4349047875027429
274,2.427993625501913,0.6704187506333048
275,2.879686934658527,0.9082374064009141
276,3.31415009714082,1.1483376448422422
277,3.722404790892087,1.390728639712419
278,4.102277183215637,1.6352518830218628
279,4.463583918132391,1.8814577411652185
280,4.806484770416234,2.128620356022632
281,5.127068669521218,2.375971281320721
282,5.428089756464928,2.6227502313610507
283,5.711702443811786,2.868188052097228
284,5.979903978830719,3.1115580763602804
285,6.237946260909456,3.3524108544632334
286,6.489149753771418,3.590590437770004
287,6.732311436906339,3.826112363273056
288,6.965314078260723,4.058964903494564
289,7.182971275149441,4.288944360435278
290,7.372232006668763,4.515576371271978
291,7.525831798164315,4.737999895476233
292,7.645353238153207,4.955109584031803
293,7.736469592055209,5.165925058327787
294,7.8122357610868445,5.369567203729229
295,7.881851967390907,5.565282801580594
296,7.9417625087586075,5.752538540764561
297,7.992573616382925,5.931051599220603
298,8.03582191954681,6.100812936893855
299,8.072620954175163,6.261969592637708
300,8.10399519560124,6.414903485016618
301,8.130746441382124,6.560138506788844
302,8.153600857319788,6.698161155132584
303,8.173126284993115,6.829255531034558
304,8.189842471135227,6.953485685874063
305,8.204150303322029,7.070881392856462
306,8.216423607646552,7.181489387470111
307,8.22694578121926,7.285356746775493
308,8.235987429886752,7.3824856952494
309,8.243749827196702,7.472890638114673
310,8.250430491305105,7.556664979274293
311,8.256173216579981,7.633987203659288
312,8.261123037257084,7.7051033197060566
313,8.26538304703086,7.770387721999912
314,8.269060074400922,7.830245751435943
315,8.272228180276745,7.884942640556552
316,8.274966024450706,7.93474122123387
317,8.277327084112445,7.979960332585106
318,8.279369420188695,8.020879341824834
319,8.281132039321484,8.05774697910201
320,8.282657815518125,8.090783307291654
321,8.283975635016146,8.120133508043821
322,8.285117020184547,8.145895185287138
323,8.286103709623697,8.168183280066474
324,8.28695862417795,8.187142830411782
325,8.28769846956486,8.202993122056595
326,8.288339521088119,8.216139728786791
327,8.288895050406826,8.22709216361943
328,8.289376146014357,8.23633716990688
329,8.289793677488923,8.244280610488275
330,8.290154799066038,8.251141683838132
331,8.290468896585898,8.25700832674699
332,8.290739993452098,8.262019100138815
333,8.290976565047703,8.266304079496473
334,8.291180102169294,8.269971212489784
335,8.291358556655808,8.273112718273184
336,8.291511361734734,8.275806000530993
337,8.291646220476196,8.278117191571033
338,8.291760864321752,8.280101865598873
339,8.291862983480943,8.28180767146439
340,8.2919488839482,8.283274644981775
341,8.29202638607431,8.28453728519696
342,8.292090615309181,8.28562455950958
343,8.292149620028166,8.28656158087306
344,8.29219750667534,8.287369401029483
345,8.292242641608288,8.288066392817512
346,8.292278220414554,8.288667909584515
347,8.292312951461998,8.289187450038822
348,8.292339243737898,8.289636240125898
349,8.29236615657504,8.290024235200073
350,8.29238541782837,8.290359661583839
351,8.292406464107877,8.29064989215657
352,8.29242040324562,8.290900969627426
353,8.292437053214291,8.291118380058593
354,8.29244695210558,8.291306571710995
355,8.292460313561305,8.291469645205241
356,8.292467160803602,8.291610878241178
357,8.292478071459806,8.291733347529116
358,8.292482602432337,8.291839466789645
359,8.29249169028632,8.291931552682295
360,8.292494477782519,8.292011380000432
361,8.292502236449103,8.292080700052331
362,8.292503678274715,8.292140815655285
363,8.292510432752927,8.29219305759572
364,8.292510895576656,8.292238380048554
365,8.292516971010963,8.292277800029442
366,8.292516646186511,8.292312013401858
367,8.292522171418849,8.292341801682497
368,8.292521229078552,8.292367668598025
369,8.292526359013143,8.292390217692478
370,8.292524953648002,8.292409809619125
371,8.292529814184618,8.292426913477968
372,8.292528039268735,8.292441783944295
373,8.292532695579492,8.292454788501622
374,8.292530617352044,8.292466103689105
375,8.292535118384857,8.292476020054902
376,8.29253280953001,8.292484656697333
377,8.292537276662747,8.29249224559411
378,8.292534840836263,8.292498863608264
379,8.292539252358834,8.292504697606917
380,8.292536664995218,8.292509793325742
381,8.2925410483816,8.292514302503315
382,8.292538343352415,8.292518248377089
383,8.2925427022231,8.292521755691686
384,8.292539921264638,8.2925248315725
385,8.292544320367872,8.292527579765611
386,8.292541447410853,8.29252999611949
387,8.292545814294167,8.2925321677855
388,8.292542835856691,8.292534082834408
389,8.29254718391884,8.292535815151641
390,8.292544128033581,8.292537347752777
391,8.292548485171697,8.292538743807086
392,8.292545368421667,8.292539983096265
393,8.29254972210915,8.292541120000918
394,8.292546536447574,8.292542132565707
395,8.292550873197788,8.29254306792481
396,8.29254761329504,8.292543903333938
397,8.292551986237099,8.292544679779443
398,8.292548717712828,8.29254537490498
399,8.292553076151117,8.292546024441565
400,8.292549735135026,8.292546606025333
401,8.292554076230651,8.292547150585676
402,8.292550677539126,8.292547637810515
403,8.292555001659478,8.29254809490685
404,8.292551537034434,8.292548503001294
405,8.292555826774816,8.29254888567583
406,8.292552294377748,8.29254922572404
407,8.29255653948914,8.29254954338068
408,8.292552927445398,8.2925498234463
409,8.29255712908693,8.292550083006327
410,8.292553448918115,8.292550309105248
411,8.292557608848707,8.292550516798022
412,8.29255387630002,8.292550694845735
413,8.292557999933864,8.292550853915591
414,8.292554206992921,8.292550984916907
415,8.292558284038646,8.292551096755208
416,8.292554431578633,8.292551182645303
417,8.292558463483779,8.292551248909898
418,8.292554555394842,8.292551291041958
419,8.29255853009295,8.292551312797626
420,8.292554562599777,8.292551311241828
421,8.29255848072878,8.292551287233492
422,8.292554456669157,8.292551240773067
423,8.292558315420441,8.292551171011729
424,8.292554234185165,8.292551080885449
425,8.292558037362793,8.292550966648085
426,8.292553911046136,8.292550832807551
427,8.292557654785611,8.2925506730511
428,8.292553481967486,8.292550494164692
429,8.292557165423677,8.292550287252674
430,8.29255295642146,8.292550061406446
431,8.292556587634444,8.292549805968546
432,8.292552337062332,8.292549532178422
433,8.292555900313868,8.292549224990696
434,8.292551606440245,8.292548897361316
435,8.292555090235027,8.292548532214239
436,8.29255075192522,8.292548144749132
437,8.292554168162281,8.292547714740403
438,8.292549795689633,8.292547259394505
439,8.292553146230711,8.292546755138341
440,8.292548757022827,8.292546220845106
441,8.292552050149428,8.292545629316441
442,8.292547643862267,8.292545000863974
443,8.29255086478136,8.29254430456665
444,8.292546444276581,8.292543562787614
445,8.292549656878819,8.292542739803816
446,8.292545272870019,8.292541857970575
447,8.292548411552849,8.29254087630914
448,8.292544010928314,8.292539817562481
449,8.292547081039924,8.292538634603622
450,8.292542677301796,8.29253734938626
451,8.29254568690323,8.292535907536589
452,8.292541292596747,8.292534329270897
453,8.292544225119633,8.292532551426275
454,8.292539812358886,8.29253059098479
455,8.292542639784143,8.292528374066901
456,8.292538195181185,8.292525912599094
457,8.292540931000392,8.292523119435383
458,8.292536527017127,8.292519998724194
459,8.292539187303406,8.292516446724285
460,8.2925347591963,8.292512456306794
461,8.292537302219882,8.29250790273139
462,8.29253284637306,8.29250276275677
463,8.292535238268,8.292496884648108
464,8.292530727211801,8.292490222665469
465,8.292532992544716,8.292482589944884
466,8.292528447986259,8.292473909618707
467,8.292530483096368,8.292463949711724
468,8.29252578365623,8.292452591120668
469,8.292527515855767,8.292439543299205
470,8.292522612577475,8.292424629702852
471,8.29252397561956,8.292407482849281
472,8.292518803326255,8.292387848057515
473,8.292519703727967,8.292365256227974
474,8.292514136508085,8.29233934670139
475,8.29251441976833,8.292309515933344
476,8.292508302705054,8.292275260190806
477,8.292507798676466,8.292235797955826
478,8.292501002912948,8.29219043335821
479,8.292499520220987,8.292138149380076
480,8.29249172059124,8.292077991839408
481,8.292488892548423,8.292008629946462
482,8.292479764033875,8.291928760876496
483,8.292475192813592,8.291836633316658
484,8.292464241777584,8.29173047246568
485,8.292457354561598,8.291607961657945
486,8.292443952980065,8.2914666871645
487,8.292434014360197,8.29130357226714
488,8.292417324490911,8.291115339256983
489,8.292403345840768,8.290897887503384
490,8.292382259853378,8.290646768735547
491,8.292362959268988,8.290356496878546
492,8.292336006885893,8.290021029212259
493,8.292309675426955,8.289632992841165
494,8.292274904960832,8.28918416143037
495,8.292239287084572,8.288664579605156
496,8.292194112822564,8.288063021405723
497,8.292146187179378,8.287365988097857
498,8.292087143182817,8.286558126317294
499,8.292022874982594,8.285621063192359
500,8.291945333589087,8.28453374696062
501,8.291859394145797,8.28327106462637
502,8.291757235688253,8.281804048765132
503,8.291642552811455,8.280098200276512
504,8.291507654695575,8.278113483315531
505,8.29135481048501,8.275802248961737
506,8.291176316501618,8.273108922971128
507,8.290972740094663,8.269967372943649
508,8.290736128828541,8.2663001951468
509,8.290464992467575,8.262015170304064
510,8.290150855045104,8.257004350685637
511,8.289789693700916,8.251137660644277
512,8.289372122029375,8.244276539183492
513,8.288890986311857,8.236333049285749
514,8.288335416429685,8.227087992397097
515,8.287694324372485,8.216135505348518
516,8.286954437972467,8.202988844735854
517,8.286099482364214,8.187138496999514
518,8.285112751359907,8.168178890455453
519,8.283971324498411,8.145890739554178
520,8.28265346276035,8.120129003558404
521,8.281127644088208,8.09077873934334
522,8.27936498188579,8.057742340633409
523,8.27732260236779,8.020874622815883
524,8.274961498610272,7.979955521529585
525,8.27222360979416,7.934736306896832
526,8.269055458540995,7.884937611500769
527,8.26537838502383,7.830240596885007
528,8.261118328261482,7.770382431705124
529,8.256168459538422,7.705097884780902
530,8.250425685235868,7.633981616356401
531,8.243744970669379,7.556659236128267
532,8.23598252173358,7.472884736970043
533,8.226940819522722,7.382479633284645
534,8.21641859099003,7.285350520747254
535,8.204145229147272,7.181482993409472
536,8.18983733769958,7.070874825084877
537,8.173121088892948,6.953478938739543
538,8.153595596387566,6.82924860137608
539,8.130741111090147,6.698154042969015
540,8.103989793234797,6.56013121184786
541,8.07261547369611,6.414896001733797
542,8.035816357546597,6.261961912187975
543,7.992567964736528,6.100805048607695
544,7.941756763218271,5.9310434938805745
545,7.881846116873031,5.752530214189359
546,7.812229800450025,5.565274254953691
547,7.736463505834564,5.369558444367466
548,7.645347020707266,5.165916098778545
549,7.525825426820439,4.955100441833098
550,7.372225477704883,4.737990591363474
551,7.182964551004567,4.515566930929849
552,6.9653073059494295,4.288934811413177
553,6.732304629724468,4.058955271951981
554,6.489142722073206,3.8261026738362247
555,6.237938859507308,3.5905807133584307
556,5.979896043284793,3.3524011153199496
557,5.7116937671333865,3.1115483417699
558,5.428080234450062,2.868178341591433
559,5.127058321547976,2.6227405643011275
560,4.806473582129049,2.3759616767357308
561,4.46357193616569,2.128610832174165
562,4.1022644442940654,1.8814483149218961
563,3.7223913907314423,1.6352425693464872
564,3.3141361152456246,1.3907194509436045
565,2.879672671115214,1.148328590658191
566,2.4279791717468324,0.9082284934148789
567,1.963788929201556,0.6704099844948878
568,1.4930492655655667,0.43489617565535577
569,1.021295961337778,0.2019079199783514
570,0.5493735508675487,-0.028057389432654213
571,0.07414734997228531,-0.2541104347286975
572,-0.40436637975396067,-0.47511364078171464
573,-0.8849765356830973,-0.6900522068161824
574,-1.3700905237853136,-0.8980122975947732
575,-1.8751098974994647,-1.0982073951224878
576,-2.4142099517058115,-1.2900735083234514
577,-2.990007710524972,-1.4733002884080526
578,-3.5925727020698623,-1.6478541626045167
579,-4.2054645859174515,-1.8138599918574023
580,-4.817766291451678,-1.971679023502284
581,-5.4103170473348525,-2.121815326357443
582,-5.96559206919516,-2.2647361721220927
583,-6.468204999869469,-2.400707371704287
584,-6.909354116443957,-2.52977646006598
585,-7.28196190598118,-2.651959650474991
586,-7.577293928194577,-2.7672942909049114
587,-7.812468279919455,-2.8758232219959057
588,-8.014569116743067,-2.977550041198211
589,-8.202565908947193,-3.072495992622577
590,-8.389918399933356,-3.1607660284831196
591,-8.578566504415281,-3.2425537347490128
592,-8.756535030606955,-3.318122389374859
593,-8.903321807953581,-3.3878645330364967
594,-8.999560630967428,-3.452203476313587
595,-9.042335509515489,-3.511421599696417
596,-9.032320749117748,-3.5657977585670935
597,-8.96902380525485,-3.6156657463364508
598,-8.855499959940303,-3.6613189913457065
599,-8.711191760440599,-3.7030195975774785
600,-8.55658112179602,-3.7410002868885743
601,-8.403550653730031,-3.7754179059985695
602,-8.249984097033634,-3.8063800575410887
603,-8.082237077867584,-3.8340091149173907
604,-7.88115306778033,-3.858453949282247
605,-7.619567941575799,-3.879933252814916
606,-7.280387086011606,-3.898847130261274
607,-6.872578533519766,-3.9156949587630874
608,-6.4036107581138095,-3.930949500789574
609,-5.8829157158498795,-3.9450002056642135
610,-5.3266381308326665,-3.958049068874226
611,-4.753259132225973,-3.97016764826831
612,-4.182954836205896,-3.9814801019108805
613,-3.6278400829654567,-3.9921045925540675
614,-3.1055754519233885,-4.002139330594652
615,-2.6276950829880574,-4.011668049422079
616,-2.1922294030754457,-4.020759538854547
617,-1.7815204649190317,-4.029469875998163
618,-1.3894891646112217,-4.037842133742325
619,-1.0269979018103113,-4.045908690337309
620,-0.7011993523895216,-4.053691845389575
621,-0.4140606253650799,-4.061206841141615
622,-0.15557003821189005,-4.068463059270333
623,0.08608803001881413,-4.07546697172537
624,0.310240211835189,-4.082222869910695
625,0.5127994208948303,-4.088734809156046
626,0.6900902194755605,-4.095006273699666
627,0.8297437108187581,-4.10104101982729
628,0.9243542050537543,-4.1068420183977565
629,0.9817896847498657,-4.112411834752944
630,1.0001424611817105,-4.117751589319598
631,0.9728127923105516,-4.122861555639138
632,0.9065372936462042,-4.127740622676047
633,0.8033489545073919,-4.132387385184858
634,0.6554878634689079,-4.136800125538774
635,0.4704393334155308,-4.140978167927712
636,0.26062856377046256,-4.144921976985316
637,0.029754912860477857,-4.148634359692933
638,-0.21808913997438617,-4.152120336231934
639,-0.48225528594907385,-4.155387931943308
640,-0.7745978703775385,-4.158447652180642
641,-1.1052006451546177,-4.1613127929842895
642,-1.4721843216080126,-4.163998486087807
643,-1.8685258769079007,-4.166521583409337
644,-2.2835109484861142,-4.168899443295641
645,-2.723410455085403,-4.1711496050974235
646,-3.206081706685718,-4.173288609191449
647,-3.733722055547987,-4.175331857864954
648,-4.295004364910835,-4.177292819640316
649,-4.872474903837335,-4.179183313491446
650,-5.454170551724499,-4.181013179752545
651,-6.020040647387846,-4.182790869962516
652,-6.5516501112865875,-4.184523298473897
653,-7.0328639615183395,-4.186216407124787
654,-7.454174970102525,-4.1878748846143035
655,-7.808011608624058,-4.189502499918677
656,-8.085229197204832,-4.191101635948142
657,-8.302742151771948,-4.19267349448006
658,-8.487481989715874,-4.194217647201181
659,-8.65840165612173,-4.195732353695236
660,-8.828920917986796,-4.197214370337842
661,-9.00099873334896,-4.198659531581263
662,-9.162604930539642,-4.200062830897741
663,-9.293208952816634,-4.201419179041536
664,-9.373343450633175,-4.202723598368901
665,-9.400033151883408,-4.203971949142562
666,-9.373855441701334,-4.205161022292022
667,-9.29429718087174,-4.206289046469338
668,-9.164391784714443,-4.207355523865031
669,-9.003654727666227,-4.2083614583327265
670,-8.832647755828365,-4.209308962037778
671,-8.663417443263109,-4.210201312416348
672,-8.494002454763805,-4.211042532588859
673,-8.310968777663756,-4.2118375019734104
674,-8.095333484393624,-4.212591634719713
675,-7.820127797831125,-4.213311010314654
676,-7.468385603257827,-4.214001983697448
677,-7.049195346026884,-4.21467111450313
678,-6.570060950155059,-4.21532450836593
679,-6.040427041974674,-4.215967489077706
680,-5.4763684174144736,-4.216603840391474
681,-4.896286539371341,-4.2172355712258955
682,-4.320222160481224,-4.217862481763058
683,-3.7601746525446216,-4.218482411584849
684,-3.233666090200288,-4.219091386158643
685,-2.75213339768597,-4.219684349421861
686,-2.3134993988721035,-4.220255658438731
687,-1.900038070481366,-4.220799927347083
688,-1.5055825888773635,-4.221312404186587
689,-1.1409309731165156,-4.221789534171652
690,-0.813138874451996,-4.222228996031195
691,-0.5240907225993297,-4.222629920552123
692,-0.26366072869038526,-4.222992662447542
693,-0.019941424565008168,-4.2233188215232484
694,0.20649904685274728,-4.223610919812794
695,0.41163813385540493,-4.223872353629185
696,0.5918592673220755,-4.224107013968731
697,0.7347993407531801,-4.224319181780977
698,0.8330448521380694,-4.22451312150256
699,0.8944051305936944,-4.224692985315049
700,0.9169073407194955,-4.224862489097781
701,0.8938510998983514,-4.225024944865809
702,0.8318838759476852,-4.2251830873547185
703,0.7329335417687598,-4.225339243466426
704,0.589162604115172,-4.225495256856773
705,0.40797480691568083,-4.225652692000567
706,0.20174315169465346,-4.225812779714247
707,-0.025892944058023205,-4.2259765798969475
708,-0.270878432215543,-4.226144873128244
709,-0.5326115775949752,-4.226318272629833
710,-0.8229660071730813,-4.226497082282937
711,-1.1520398015523203,-4.226681384121025
712,-1.5179218920039992,-4.226870905970562
713,-1.913534526732271,-4.227065117670088
714,-2.328055540449829,-4.227263122667969
715,-2.76763161349492,-4.227463800288157
716,-3.249965444287079,-4.22766574611815
717,-3.7771171430733723,-4.227867445707347
718,-4.3376325850763084,-4.228067243320958
719,-4.913982332262658,-4.228263522650742
720,-5.494162182905377,-4.228454678744901
721,-6.05813947097242,-4.22863927421238
722,-6.587523490051864,-4.228815989608077
723,-7.066263060472821,-4.228983759550313
724,-7.48493730027055,-4.229141701167051
725,-7.836076325089017,-4.229289234304568
726,-8.11062112988424,-4.229426012214989
727,-8.325573287071393,-4.229552021545673
728,-8.50792886998405,-4.229667507867455
729,-8.676702023269037,-4.229773062092152
730,-8.845347141755108,-4.2298695072795045
731,-9.015850480206188,-4.229957909439745
732,-9.176180711050474,-4.230039389978128
733,-9.305799419690887,-4.230115066265584
734,-9.385208715424376,-4.230185817586166
735,-9.411405055645403,-4.23025223010411
736,-9.384925415925034,-4.2303144290914645
737,-9.305228108691278,-4.230372147765102
738,-9.175312722038786,-4.2304247103765125
739,-9.014675187731873,-4.230471212837177
740,-8.843853895785962,-4.230510613949069
741,-8.674883456052102,-4.23054196448401
742,-8.505782980954544,-4.2305644707235635
743,-8.323106742774943,-4.230577638212626
744,-8.10785016011092,-4.230581220357396
745,-7.833028926497288,-4.230575258427162
746,-7.481652132725415,-4.230559961761072
747,-7.062790164993697,-4.23053571015968
748,-6.583921300006743,-4.230502952755589
749,-6.054474475387855,-4.23046225631905
750,-5.490504625514032,-4.230414254262519
751,-4.910405510615082,-4.230359729400099
752,-4.334207993433975,-4.230299562176626
753,-3.773914205629539,-4.230234786147215
754,-3.247047016791424,-4.23016651400129
755,-2.7650550804094944,-4.230095963632444
756,-2.3258694765708845,-4.230024358699218
757,-1.9117819664379503,-4.2299529305728605
758,-1.5166385020489557,-4.229882817642964
759,-1.1512582927427164,-4.2298150685999865
760,-0.8227133281814654,-4.229750553355795
761,-0.5329113757471532,-4.229689978854713
762,-0.2717447712151114,-4.229633826404636
763,-0.02733022029376408,-4.229582398099557
764,0.1997478837380682,-4.229535770206478
765,0.40544998263857224,-4.229493861901474
766,0.5861556296352903,-4.229456422351229
767,0.729502000631235,-4.229423115693196
768,0.828092259697325,-4.229393518992312
769,0.8897562543376927,-4.229367208556146
770,0.9125534116046917,-4.2293437405627134
771,0.8898107927436473,-4.22932271451821
772,0.8282044931490108,-4.229303751227003
773,0.7296783695222794,-4.2292865276601805
774,0.5864045262827017,-4.22927073889626
775,0.40578026946978124,-4.229256129380963
776,0.20016771492591914,-4.22924244549518
777,-0.02681466829241018,-4.2292294677156725
778,-0.27112918234944705,-4.229216972012056
779,-0.5321942424786472,-4.229204768767094
780,-0.8218952405466964,-4.2291926705050615
781,-1.1503421894549144,-4.229180530088863
782,-1.5156288737175354,-4.229168219001646
783,-1.9106857761746308,-4.229155661468077
784,-2.3246953964926815,-4.229142800291963
785,-2.7638148731254684,-4.22912963372044
786,-3.2457537386438955,-4.229116181770056
787,-3.7725828210146832,-4.229102513280804
788,-4.3328535348615524,-4.22908871116539
789,-4.90904380644337,-4.229074893605264
790,-5.489149837579584,-4.229061166721542
791,-6.053139502127415,-4.229047655445804
792,-6.582615584959106,-4.229034469648461
793,-7.061520627464519,-4.229021725532149
794,-7.480421233177189,-4.229009518963686
795,-7.831836110013283,-4.228997942632313
796,-8.106690458378816,-4.228987053950671
797,-8.32197330571592,-4.228976894746809
798,-8.504664917468533,-4.228967468467447
799,-8.673768441918764,-4.22895876307953
800,-8.842726373237937,-4.228950730316089
801,-9.013519014143856,-4.228943315643505
802,-9.174108941988536,-4.228936445840443
803,-9.303957689159219,-4.22893006070029
804,-9.383565955884114,-4.22892409980838
805,-9.409933232530152,-4.228918534474304
806,-9.3835979855406,-4.228913355239682
807,-9.304022459013732,-4.228908586908968
808,-9.174207508564331,-4.228904265259268
809,-9.013652521661147,-4.228900452104407
810,-8.842896023781064,-4.228897204337428
811,-8.673975011486487,-4.228894582804907
812,-8.504908281701454,-4.228892627868098
813,-8.322252515627575,-4.228891371912865
814,-8.107003281768716,-4.228890826191843
815,-7.8321790973634196,-4.228890999967923
816,-7.480790356620181,-4.228891889860447
817,-7.061911137643975,-4.2288934943377035
818,-6.583021017678684,-4.228895804236473
819,-6.053552815381243,-4.228898810661543
820,-5.489562988987054,-4.228902486878994
821,-4.9094487163674545,-4.228906782401948
822,-4.333241845354935,-4.228911621562497
823,-3.7729469764208408,-4.228916917576724
824,-3.2460861349307537,-4.2289225629103235
825,-2.7641092911078355,-4.2289284468239074
826,-2.324946470756918,-4.228934447368348
827,-1.9108898782961443,-4.228940446631459
828,-1.5157840422564648,-4.228946327608904
829,-1.150447949546687,-4.228951987283292
830,-0.8219511204664656,-4.228957331972335
831,-0.532200231476846,-4.228962289382375
832,-0.27108493165977643,-4.2289667996005225
833,-0.026720843139565437,-4.228970817875747
834,0.2003101771790129,-4.228974314826597
835,0.40596900971942457,-4.228977278446988
836,0.5866365158496448,-4.2289797073168485
837,0.7299489604419303,-4.228981611388108
838,0.8285095221310023,-4.228983005199085
839,0.8901458277231025,-4.228983903604988
