-1.746372702026107504e+00
-9.937366962030466100e-01
-2.238139154557443056e-01
5.315738824330819012e-01
1.237897153809242923e+00
1.864995338575257788e+00
2.400720148767712114e+00
2.845070256953795784e+00
3.211544913172262206e+00
3.518748716486292505e+00
3.758834231396954717e+00
3.894925726584395509e+00
3.896101196645837206e+00
3.741042698796483101e+00
3.422278673037964403e+00
2.941057853138349110e+00
2.309920965329380405e+00
1.544697418797881472e+00
6.815881568082211572e-01
-2.257671648445042922e-01
-1.127475805268725706e+00
-1.975001044822642937e+00
-2.728585420523072624e+00
-3.358961008657934677e+00
-3.835954872211767341e+00
-4.132793551176410674e+00
-4.242686856704575682e+00
-4.176418277605222329e+00
-3.949276468468201351e+00
-3.571560120208801870e+00
-3.064719398315857823e+00
-2.447874028253450795e+00
