-4.228913719332926924e+00
-4.228913635241691615e+00
-4.228913941036199553e+00
-4.228914660552296922e+00
-4.228915837919390519e+00
-4.228917530401965941e+00
-4.228919799058966866e+00
-4.228922700951740055e+00
-4.228926280115013370e+00
-4.228930567919286787e+00
-4.228935577268384982e+00
-4.228941307113767145e+00
-4.228947739045452181e+00
-4.228954843649968431e+00
-4.228962573625517862e+00
-4.228970868909621039e+00
-4.228979644786747372e+00
-4.228988806293926928e+00
-4.228998244426688480e+00
-4.229007849391208218e+00
-4.229017509079838533e+00
-4.229027123574115699e+00
-4.229036601250082406e+00
-4.229045875358805162e+00
-4.229054896529683027e+00
-4.229063646993385106e+00
-4.229072129339522590e+00
-4.229080377421372994e+00
-4.229088439535110489e+00
-4.229096392340431443e+00
-4.229104322671309646e+00
-4.229112340675077242e+00
-4.229120561450097959e+00
-4.229129120938788233e+00
-4.229138156908843094e+00
-4.229147829614715803e+00
-4.229158304114284839e+00
-4.229169770337774636e+00
-4.229182422154566190e+00
-4.229196474596217392e+00
-4.229212133667815010e+00
-4.229229603309150320e+00
-4.229249046064310846e+00
-4.229270587397775394e+00
-4.229294273121441350e+00
-4.229320079486701189e+00
-4.229347878779837089e+00
-4.229377457498576298e+00
-4.229408494914744132e+00
-4.229440602130427607e+00
-4.229473305440834885e+00
-4.229506094146540995e+00
-4.229538411232144135e+00
-4.229569706211043112e+00
-4.229599425403727686e+00
-4.229627064482249565e+00
-4.229652148927971034e+00
-4.229674274620280450e+00
-4.229693074786990081e+00
-4.229708249300180967e+00
-4.229719521054124520e+00
-4.229726671559556728e+00
-4.229729513433414745e+00
-4.229727947171638469e+00
-4.229721949054318308e+00
-4.229711635961885818e+00
-4.229697237925413411e+00
-4.229679128880524885e+00
-4.229657748024511221e+00
-4.229633583620214132e+00
-4.229607054194716831e+00
-4.229578481232633358e+00
-4.229547986462549147e+00
-4.229515511957561813e+00
-4.229480781175622539e+00
-4.229443387001062149e+00
-4.229402804220893763e+00
-4.229358509236704755e+00
-4.229309994570982667e+00
-4.229256871464393441e+00
-4.229198848085250262e+00
-4.229135797463647428e+00
-4.229067705678859035e+00
-4.228994720867542689e+00
-4.228917090032491721e+00
-4.228835208852324001e+00
-4.228749554109941577e+00
-4.228660730809816748e+00
-4.228569394412606819e+00
-4.228476292257150604e+00
-4.228382174634167434e+00
-4.228287828000362403e+00
-4.228193975070735355e+00
-4.228101307805675724e+00
-4.228010388177396273e+00
-4.227921693540984016e+00
-4.227835530811858256e+00
-4.227752102977723858e+00
-4.227671439999166836e+00
-4.227593482622563847e+00
-4.227518018482615325e+00
-4.227444769022739024e+00
-4.227373314426737139e+00
-4.227303167177549170e+00
-4.227233672544857157e+00
-4.227164062404592748e+00
-4.227093336887319808e+00
-4.227020319380785374e+00
-4.226943554719004403e+00
-4.226861408116408647e+00
-4.226772017668164239e+00
-4.226673463897877348e+00
-4.226563775728624961e+00
-4.226441134520404042e+00
-4.226303882558815950e+00
-4.226150719807850287e+00
-4.225980693857732007e+00
-4.225793384941759712e+00
-4.225588871123660439e+00
-4.225367875566108822e+00
-4.225131648231859494e+00
-4.224881992539152087e+00
-4.224620982197374808e+00
-4.224350823158157908e+00
-4.224073430947479224e+00
-4.223790237451541252e+00
-4.223501808347762676e+00
-4.223207806650364660e+00
-4.222906839876269025e+00
-4.222596696075536116e+00
-4.222274425593568026e+00
-4.221936748003053630e+00
-4.221580193943618831e+00
-4.221201482396543803e+00
-4.220797555557300740e+00
-4.220365833600356886e+00
-4.219904127743995481e+00
-4.219410825128734999e+00
-4.218884761312700071e+00
-4.218325400206486719e+00
-4.217732689924936551e+00
-4.217107217020869214e+00
-4.216449999169745944e+00
-4.215762576467628087e+00
-4.215046726725656612e+00
-4.214304501566347838e+00
-4.213537888127176778e+00
-4.212748830514356335e+00
-4.211938880174291633e+00
-4.211109248443288600e+00
-4.210260509090764103e+00
-4.209392751027177582e+00
-4.208505377840203288e+00
-4.207597366849959997e+00
-4.206667119466953153e+00
-4.205712730090287010e+00
-4.204731761360283038e+00
-4.203721418005001098e+00
-4.202678195235471925e+00
-4.201597977651953641e+00
-4.200475661639471170e+00
-4.199305338777683971e+00
-4.198080063372305659e+00
-4.196792265953763312e+00
-4.195433735821610277e+00
-4.193996241782746992e+00
-4.192471621471719700e+00
-4.190852445525750092e+00
-4.189132028570881516e+00
-4.187304969135447585e+00
-4.185366950480404746e+00
-4.183315074093423291e+00
-4.181147406248320486e+00
-4.178863097134025928e+00
-4.176461699262862481e+00
-4.173943148055088592e+00
-4.171306983255944623e+00
-4.168552391981251048e+00
-4.165677582367361964e+00
-4.162680135423286742e+00
-4.159556689967573107e+00
-4.156303627413202584e+00
-4.152916928505977268e+00
-4.149392905126939368e+00
-4.145727831978978095e+00
-4.141918303132450241e+00
-4.137960283320525789e+00
-4.133848906895939201e+00
-4.129576990998829800e+00
-4.125134548171774718e+00
-4.120507168837978185e+00
-4.115675694095305204e+00
-4.110614780430913662e+00
-4.105292855440017874e+00
-4.099670581680199710e+00
-4.093700844240416359e+00
-4.087325643196782821e+00
-4.080483000015687978e+00
-4.073136129951591577e+00
-4.065182140668309962e+00
-4.056423644312509680e+00
-4.046621205368083452e+00
-4.035521853021550420e+00
-4.022922353899073933e+00
-4.008710320140689731e+00
-3.992808608602243847e+00
-3.975153592889153487e+00
-3.955689462067674800e+00
-3.934336158420473684e+00
-3.910976268102737130e+00
-3.885478239739597051e+00
-3.857695606898909002e+00
-3.827462358143081556e+00
-3.794640670163519136e+00
-3.759091421277964695e+00
-3.720605443246385757e+00
-3.678989008282531614e+00
-3.634112980457657294e+00
-3.585882650921005332e+00
-3.534247166455175559e+00
-3.479196777820363184e+00
-3.420729903158451268e+00
-3.358824521364474514e+00
-3.293460764713044497e+00
-3.224628639705346966e+00
-3.152302031651220915e+00
-3.076345061199866837e+00
-2.996520634581128828e+00
-2.912572491275528197e+00
-2.824315088946980357e+00
-2.731680087751611197e+00
-2.634677541019048164e+00
-2.533454923292050687e+00
-2.428285961194968312e+00
-2.319555144468497865e+00
-2.207710711729586439e+00
-2.093251635658440080e+00
-1.976739136483321335e+00
-1.858611225417584834e+00
-1.739111346123366930e+00
-1.618345912245151341e+00
-1.496323969666220277e+00
-1.373039527721419795e+00
-1.248571606784793842e+00
-1.123145361241748796e+00
-9.971245775877936035e-01
-8.708941795310642942e-01
-7.448348640075770355e-01
-6.193310696136452576e-01
-4.947455680816358337e-01
-3.713017997204653975e-01
-2.490762519866297209e-01
-1.280592762573407872e-01
-8.254991653914408450e-03
1.102367812575787420e-01
2.271810064511040339e-01
3.421503982999527516e-01
4.545969719122182617e-01
5.640381560662836025e-01
6.700455405088640015e-01
7.722587014585485798e-01
8.704325157319096062e-01
9.644536065133337832e-01
1.054351844379722181e+00
1.140242611559499908e+00
1.222365972656755506e+00
1.301042957814003698e+00
1.376578897443025973e+00
1.449151624904394087e+00
1.518894163251776064e+00
1.586016120691488451e+00
1.650777243388080517e+00
1.713450757900114141e+00
1.774237828407710271e+00
1.833255003709943542e+00
1.890623422760021599e+00
1.946493516277999936e+00
2.001042090047647548e+00
2.054534763169677092e+00
2.107290566908126994e+00
2.159573168364671059e+00
2.211660697128108755e+00
2.263879468438382059e+00
2.316508593181622278e+00
2.369813625690259773e+00
2.424116253197973414e+00
2.479685337302172332e+00
2.536701320481249855e+00
2.595318468874118434e+00
2.655661780552973195e+00
2.717851521497868017e+00
2.782092276982014223e+00
2.848660224483182457e+00
2.917817407754541570e+00
2.989774863267994576e+00
3.064665956975926697e+00
3.142667563009737375e+00
3.224082598196138072e+00
3.309228134933896115e+00
3.398338770628757111e+00
3.491523044058167269e+00
3.588802869913711557e+00
3.690056138729386870e+00
3.795028641306909645e+00
3.903350941795947993e+00
4.014586140010282911e+00
4.128244082248234470e+00
4.243770463440609930e+00
4.360733184187901124e+00
4.478894075831393096e+00
4.598151899609211668e+00
4.718502777213377186e+00
4.839958044875619869e+00
4.962444061573878962e+00
5.085740988182644529e+00
5.209490008803233430e+00
5.333310586738643444e+00
5.456825600494237705e+00
5.579653216077909761e+00
5.701432324035635268e+00
5.821940249834235637e+00
5.941100658005588286e+00
6.058922855401083218e+00
6.175402185142101708e+00
6.290437956558783128e+00
6.403793875636202060e+00
6.515040297764277177e+00
6.623625199843540479e+00
6.729059057961748636e+00
6.830902791888886938e+00
6.928780300805013503e+00
7.022425277083204520e+00
7.111696700451545006e+00
7.196590302745935475e+00
7.277179905165088947e+00
7.353656647317865946e+00
7.426282710133399689e+00
7.495301469538435235e+00
7.560855159768087752e+00
7.622975894781578887e+00
7.681678706455676853e+00
7.736987022083716248e+00
7.788924496184795210e+00
7.837492279428825981e+00
7.882697667860790069e+00
7.924587386300010472e+00
7.963250753081299038e+00
7.998810784041568311e+00
8.031454738845795305e+00
8.061385291504215900e+00
8.088735110161078268e+00
8.113635608676675659e+00
8.136246250185299900e+00
8.156706712329619080e+00
8.175141397126823861e+00
8.191660327522214402e+00
8.206336125925451697e+00
8.219217584191699899e+00
8.230362200033695785e+00
8.239842481488743431e+00
8.247768094990702181e+00
8.254341816060362547e+00
8.259818421699435476e+00
8.264441272405928629e+00
8.268413317464919032e+00
8.271844144931728593e+00
8.274777738666330151e+00
8.277283368974662991e+00
8.279426087201660067e+00
8.281259857745537190e+00
8.282830801974503387e+00
8.284177613127514661e+00
8.285333367475853805e+00
8.286325844522584916e+00
8.287178877235357177e+00
8.287912477043512638e+00
8.288543900997490610e+00
8.289087627177655904e+00
8.289556217394325799e+00
8.289960192973193642e+00
8.290308744786360151e+00
8.290609546114909634e+00
8.290869349474359495e+00
8.291093765583928743e+00
8.291287773998847754e+00
8.291455486412834475e+00
8.291600589695031331e+00
8.291726105200247332e+00
8.291834775535159352e+00
8.291928826298223143e+00
8.292010305926664770e+00
8.292080855524366356e+00
8.292142010290106668e+00
8.292194980477166411e+00
8.292240919967483137e+00
8.292280720703439911e+00
8.292315253010437814e+00
8.292345173916855217e+00
8.292371141293211068e+00
8.292393638704936620e+00
8.292413166121843204e+00
8.292430079075497673e+00
8.292444758211450662e+00
8.292457463996266043e+00
8.292468486415410567e+00
8.292478015232118693e+00
8.292486271397207176e+00
8.292493392404137964e+00
8.292499546534140009e+00
8.292504833238364625e+00
8.292509379929365210e+00
8.292513257333958165e+00
8.292516560951630922e+00
8.292519340585377208e+00
8.292521666105272971e+00
8.292523571356003487e+00
8.292525105019954879e+00
8.292526288823992786e+00
8.292527153558980402e+00
8.292527711278646407e+00
8.292527976916257870e+00
8.292527954359295350e+00
8.292527643610444699e+00
8.292527040779303249e+00
8.292526130937964979e+00
8.292524902029786205e+00
8.292523323269238134e+00
8.292521372926515255e+00
8.292519002324514332e+00
8.292516177615588902e+00
8.292512828934848201e+00
8.292508906476323105e+00
8.292504314745587024e+00
8.292498983012828617e+00
8.292492783870388351e+00
8.292485617864095104e+00
8.292477316717480562e+00
8.292467742934016783e+00
8.292456675567416724e+00
8.292443924851344406e+00
8.292429200804589229e+00
8.292412242957427182e+00
8.292392670668256471e+00
8.292370128402261287e+00
8.292344116193206105e+00
8.292314150472330780e+00
8.292279573372242751e+00
8.292239727861117515e+00
8.292193743616126156e+00
8.292140728691297369e+00
8.292079529206578314e+00
8.292008934904902873e+00
8.291927410588520786e+00
8.291833315149473194e+00
8.291724600150507385e+00
8.291599039988691189e+00
8.291453892056020791e+00
8.291286134992665424e+00
8.291092081926448643e+00
8.290867621157911316e+00
8.290607773126621893e+00
8.290306927106639634e+00
8.289958330574480172e+00
8.289554310240996315e+00
8.289085675222517935e+00
8.288541904183537312e+00
8.287910435297460410e+00
8.287176790471779242e+00
8.286323712633604899e+00
8.285331190338425245e+00
8.284175390587989796e+00
8.282828533860131515e+00
8.281257543842029278e+00
8.279423727270653899e+00
8.277280962721203394e+00
8.274775285765374022e+00
8.271841644980359121e+00
8.268410770023734813e+00
8.264438676926200600e+00
8.259815777592356412e+00
8.254339122576167753e+00
8.247765351353214314e+00
8.239839686654326201e+00
8.230359354008962569e+00
8.219214687078899573e+00
8.206333176472329072e+00
8.191657323439962113e+00
8.175138334952150032e+00
8.156703587121075572e+00
8.136243056257184136e+00
8.113632340481865768e+00
8.088731762049928165e+00
8.061381858160192593e+00
8.031451215214655548e+00
7.998807165752590542e+00
7.963247036331595474e+00
7.924583569429827890e+00
7.882693749863405763e+00
7.837488258966376797e+00
7.788920371706361756e+00
7.736982791677176508e+00
7.681674367351792654e+00
7.622971444225634663e+00
7.560850596248373634e+00
7.495296793134111901e+00
7.426277920775354424e+00
7.353651742291537730e+00
7.277174880122744938e+00
7.196585152417834585e+00
7.111691420290982890e+00
7.022419865061352517e+00
6.928774757572249143e+00
6.830897121161647156e+00
6.729053266068378392e+00
6.623619295606586910e+00
6.515034291601440763e+00
6.403787780438155330e+00
6.290431786144837112e+00
6.175395952634319841e+00
6.058916573150953333e+00
5.941094337508187273e+00
5.821933901242224429e+00
5.701425957018519064e+00
5.579646840424206999e+00
5.456819225902254544e+00
5.333304222735637978e+00
5.209483664526354474e+00
5.085734672067077078e+00
4.962437781093824718e+00
4.839951806186986616e+00
4.718496585131672028e+00
4.598145757410298629e+00
4.478887986296371082e+00
4.360727150986322798e+00
4.243764491585353404e+00
4.128238178763981026e+00
4.014580314948834605e+00
3.903345203991706924e+00
3.795022996730163634e+00
3.690050592860376177e+00
3.588797426919622335e+00
3.491517707323835484e+00
3.398333542267795604e+00
3.309223016271138906e+00
3.224077589223328655e+00
3.142662663591675454e+00
3.064661167143416520e+00
2.989770183530699121e+00
2.917812838790730723e+00
2.848655766165558045e+00
2.782087927436763142e+00
2.717847276915471788e+00
2.655657637501804391e+00
2.595314424628620831e+00
2.536697373465800265e+00
2.479681487537641171e+00
2.424112502297164351e+00
2.369809975629275645e+00
2.316505044889693110e+00
2.263876022608000138e+00
2.211657353600207543e+00
2.159569926466838208e+00
2.107287425274277926e+00
2.054531720179708643e+00
2.001039143601711867e+00
1.946490664733913745e+00
1.890620665064848271e+00
1.833252339714474877e+00
1.774235259183626789e+00
1.713448285732503296e+00
1.650774870297277763e+00
1.586013847411801292e+00
1.518891989988227387e+00
1.449149550293252986e+00
1.376576918652400172e+00
1.301041071486817691e+00
1.222364176732743113e+00
1.140240905138546923e+00
1.054350228026813996e+00
9.644520816429609233e-01
8.704310823836398647e-01
7.722573580495711854e-01
6.700442841846521169e-01
5.640369825181092978e-01
4.545958757478945067e-01
3.421493729869498068e-01
2.271800448941171113e-01
1.102358760714218650e-01
-8.255849886693627376e-03
-1.280600980372345876e-01
-2.490770478988073300e-01
-3.713025791898582617e-01
-4.947463390286951368e-01
-6.193318384031623047e-01
-7.448356352259078994e-01
-8.708949562919325871e-01
-9.971253617324866703e-01
-1.123146153877075060e+00
-1.248572407919185778e+00
-1.373040337297585234e+00
-1.496324788634760594e+00
-1.618346741785219312e+00
-1.739112187599022974e+00
-1.858612080288289947e+00
-1.976740005982478898e+00
-2.093252520806647698e+00
-2.207711613856492061e+00
-2.319556063434760063e+00
-2.428286895112758970e+00
-2.533455870445205704e+00
-2.634678500109954413e+00
-2.731681058757449598e+00
-2.824316073136502236e+00
-2.912573491122416591e+00
-2.996521652674424274e+00
-3.076346101627414953e+00
-3.152303098159979111e+00
-3.224629735297994682e+00
-3.293461889414536881e+00
-3.358825672340141288e+00
-3.420731075196833615e+00
-3.479197963426526652e+00
-3.534248358237982668e+00
-3.585883844199696302e+00
-3.634114173158906613e+00
-3.678990199410480333e+00
-3.720606633165137289e+00
-3.759092610136299140e+00
-3.794641856039014272e+00
-3.827463537341242894e+00
-3.857696774419487440e+00
-3.885479390429556368e+00
-3.910977396402893991e+00
-3.934337257605368787e+00
-3.955690527955102453e+00
-3.975154624463177022e+00
-3.992809609207458532e+00
-4.008711295064974145e+00
-4.022923308445399471e+00
-4.035522792000979742e+00
-4.046622131564784119e+00
-4.056424556979361107e+00
-4.065183036633107427e+00
-4.073137004577750631e+00
-4.080483847370959261e+00
-4.087326454632847827e+00
-4.093701609747101067e+00
-4.099671291836967768e+00
-4.105293502069456757e+00
-4.110615358376645823e+00
-4.115676199421969272e+00
-4.120507598646637959e+00
-4.125134901672620202e+00
-4.129577268964453651e+00
-4.133849112254477376e+00
-4.137960420710381726e+00
-4.141918380846868253e+00
-4.145727860858936964e+00
-4.149392896624307880e+00
-4.152916894861743202e+00
-4.156303581392614355e+00
-4.159556643834198653e+00
-4.162680100804133865e+00
-4.165677569950158698e+00
-4.168552410033996125e+00
-4.171307039208688394e+00
-4.173943250252473369e+00
-4.176461855015382696e+00
-4.178863314325641731e+00
-4.181147691197773852e+00
-4.183315429964140186e+00
-4.185367378349782896e+00
-4.187305469794941004e+00
-4.189132604680090743e+00
-4.190853102286570930e+00
-4.192472367231791175e+00
-4.193997088552658958e+00
-4.195434696029185062e+00
-4.196793350539713252e+00
-4.198081282981806162e+00
-4.199306702692791937e+00
-4.200477177654801331e+00
-4.201599651786152023e+00
-4.202680031480638512e+00
-4.203723418071096063e+00
-4.204733929248725133e+00
-4.205715072087449435e+00
-4.206669644040989198e+00
-4.207600083337553087e+00
-4.208508292890679847e+00
-4.209395867111625833e+00
-4.210263824081568629e+00
-4.211112758012869328e+00
-4.211942577534320442e+00
-4.212752707893696602e+00
-4.213541938808675447e+00
-4.214308720510506312e+00
-4.215051110437936899e+00
-4.215767122653562460e+00
-4.216454707977535854e+00
-4.217112089623338278e+00
-4.217737725691745432e+00
-4.218330597117221359e+00
-4.218890117120772665e+00
-4.219416335584953437e+00
-4.219909787993425532e+00
-4.220371638450180818e+00
-4.220803501656213541e+00
-4.221207570093019612e+00
-4.221586427538555952e+00
-4.221943134370910400e+00
-4.222280972729262061e+00
-4.222603412331407569e+00
-4.222913730560762247e+00
-4.223214872698382472e+00
-4.223509047327000054e+00
-4.223797650313000140e+00
-4.224081021969843697e+00
-4.224358598866033709e+00
-4.224628950079968526e+00
-4.224890156527154161e+00
-4.225140008568976313e+00
-4.225376428959974007e+00
-4.225597610914777924e+00
-4.225802301385821913e+00
-4.225989774693498013e+00
-4.226159949703419905e+00
-4.226313244426091131e+00
-4.226450609811401193e+00
-4.226573345009636107e+00
-4.226683107765329517e+00
-4.226781718159980272e+00
-4.226871148737086692e+00
-4.226953320247435641e+00
-4.227030096935596504e+00
-4.227103114830247144e+00
-4.227173829692009832e+00
-4.227243419290862114e+00
-4.227312885563303979e+00
-4.227382997876516946e+00
-4.227454410690765663e+00
-4.227527612604713880e+00
-4.227603023806310034e+00
-4.227680922570150379e+00
-4.227761520698463116e+00
-4.227844876394000195e+00
-4.227930957104944376e+00
-4.228019562486104554e+00
-4.228110389569083694e+00
-4.228202961479966326e+00
-4.228296717004299765e+00
-4.228390963944103298e+00
-4.228484979494075979e+00
-4.228577977243173969e+00
-4.228669208128003731e+00
-4.228757922733222152e+00
-4.228843464829092902e+00
-4.228925229628270444e+00
-4.229002742541232429e+00
-4.229075610065368807e+00
-4.229143588468441628e+00
-4.229206533082830788e+00
-4.229264458146241523e+00
-4.229317488167450456e+00
-4.229365912585840270e+00
-4.229410118797795270e+00
-4.229450612541622689e+00
-4.229487917909283468e+00
-4.229522563482935205e+00
-4.229554958697272049e+00
-4.229585382289205775e+00
-4.229613892165572153e+00
-4.229640367337034412e+00
-4.229664487817888840e+00
-4.229685832470791773e+00
-4.229703909143247564e+00
-4.229718273644457405e+00
-4.229728549295830753e+00
-4.229734505062745065e+00
-4.229736023274619505e+00
-4.229733129197543740e+00
-4.229725925810758902e+00
-4.229714602248692223e+00
-4.229699378496030171e+00
-4.229680533490296490e+00
-4.229658370570755999e+00
-4.229633255901022793e+00
-4.229605591869560755e+00
-4.229575851861969937e+00
-4.229544538455806801e+00
-4.229512205228175503e+00
-4.229479403033782781e+00
-4.229446688602160442e+00
-4.229414572625934454e+00
-4.229383527941640075e+00
-4.229353942664066501e+00
-4.229326134118545966e+00
-4.229300313002580580e+00
-4.229276607987651815e+00
-4.229255042516538055e+00
-4.229235570174231462e+00
-4.229218064834038948e+00
-4.229202363540652598e+00
-4.229188262095698647e+00
-4.229175556080565279e+00
-4.229164029947460435e+00
-4.229153487550590285e+00
-4.229143738863642810e+00
-4.229134617970758292e+00
-4.229125965089452599e+00
-4.229117643705627927e+00
-4.229109518700436610e+00
-4.229101474805633920e+00
-4.229093400609147402e+00
-4.229085207965093574e+00
-4.229076818878949595e+00
-4.229068183848902152e+00
-4.229059268849904463e+00
-4.229050072426348450e+00
-4.229040613526331427e+00
-4.229030943575430079e+00
-4.229021131937357403e+00
-4.229011273009121830e+00
-4.229001470008398655e+00
-4.228991838179730678e+00
-4.228982484780348550e+00
-4.228973515919479453e+00
-4.228965022686572262e+00
-4.228957087015507099e+00
-4.228949773689546277e+00
-4.228943135352484894e+00
-4.228937205552952605e+00
-4.228932004397123912e+00
-4.228927533690907126e+00
-4.228923779830084939e+00
-4.228920709244698095e+00
-4.228918275340681987e+00
-4.228916418934309362e+00
-4.228915077652154686e+00
-4.228914192610813139e+00
