-3.929735064681895818e+00
-3.929734797252888878e+00
-3.929734530006955939e+00
-3.929734263563407382e+00
-3.929733998798995653e+00
-3.929733734226738218e+00
-3.929733471753493301e+00
-3.929733212531630215e+00
-3.929732957479380673e+00
-3.929732705696298289e+00
-3.929732457587924888e+00
-3.929732211383182072e+00
-3.929731967557007266e+00
-3.929731724041711782e+00
-3.929731481826537642e+00
-3.929731238792468773e+00
-3.929730996350598637e+00
-3.929730751664303412e+00
-3.929730506069510465e+00
-3.929730254798764477e+00
-3.929730005280139160e+00
-3.929729755436570215e+00
-3.929729493683581154e+00
-3.929729207619398146e+00
-3.929728889365954547e+00
-3.929728528899839368e+00
-3.929728125155885099e+00
-3.929727680205360230e+00
-3.929727202887975945e+00
-3.929726699214158181e+00
-3.929726177780146212e+00
-3.929725644073754243e+00
-3.929725109062915056e+00
-3.929724578317682404e+00
-3.929724063277894697e+00
-3.929723567232657366e+00
-3.929723095973538971e+00
-3.929722662046421178e+00
-3.929722281598880596e+00
-3.929721958194112741e+00
-3.929721696640590345e+00
-3.929721489949254742e+00
-3.929721335367240442e+00
-3.929721221619653537e+00
-3.929721145488604073e+00
-3.929721097581315714e+00
-3.929721078530890921e+00
-3.929721082695208256e+00
-3.929721114447399799e+00
-3.929721170153836152e+00
-3.929721254971020095e+00
-3.929721364128649697e+00
-3.929721500827665803e+00
-3.929721657445171878e+00
-3.929721834929158053e+00
-3.929722023714742996e+00
-3.929722224764273797e+00
-3.929722429609780576e+00
-3.929722641954451756e+00
-3.929722856509865636e+00
-3.929723080458443984e+00
-3.929723310420419224e+00
-3.929723553910413170e+00
-3.929723804593237002e+00
-3.929724064281381324e+00
-3.929724318154858231e+00
-3.929724559566365460e+00
-3.929724766893563537e+00
-3.929724944742503556e+00
-3.929725091128934977e+00
-3.929725217742444876e+00
-3.929725325163062610e+00
-3.929725427287627859e+00
-3.929725527772168991e+00
-3.929725633295142906e+00
-3.929725728275420771e+00
-3.929725821860869051e+00
-3.929725906031366289e+00
-3.929725989666230657e+00
-3.929726064809773156e+00
-3.929726140237415510e+00
-3.929726208134950216e+00
-3.929726277471563556e+00
-3.929726339675959412e+00
-3.929726403236043275e+00
-3.929726458921346310e+00
-3.929726515458006997e+00
-3.929726563491252822e+00
-3.929726612184996970e+00
-3.929726652198914039e+00
-3.929726693222216127e+00
-3.929726725977809476e+00
-3.929726760679694397e+00
-3.929726787956698608e+00
-3.929726818263954868e+00
-3.929726841851083119e+00
-3.929726869436809267e+00
-3.929726890758991953e+00
-3.929726916518499369e+00
-3.929726936097610146e+00
-3.929726960408125525e+00
-3.929726978629485057e+00
-3.929727002282544568e+00
-3.929727020476826205e+00
-3.929727045363493598e+00
-3.929727065977736800e+00
-3.929727094730918857e+00
-3.929727120088946979e+00
-3.929727154153465740e+00
-3.929727184407735496e+00
-3.929727222543664578e+00
-3.929727255326485924e+00
-3.929727295797112330e+00
-3.929727330787085027e+00
-3.929727373147995806e+00
-3.929727409315312947e+00
-3.929727452291624346e+00
-3.929727488027925375e+00
-3.929727529891477555e+00
-3.929727563397461765e+00
-3.929727602205788095e+00
-3.929727631446993996e+00
-3.929727665116411028e+00
-3.929727687975106853e+00
-3.929727715504844454e+00
-3.929727730404573904e+00
-3.929727745275965134e+00
-3.929727743413641505e+00
-3.929727740480152498e+00
-3.929727721828490505e+00
-3.929727705289056683e+00
-3.929727676730653929e+00
-3.929727654684943339e+00
-3.929727623788810575e+00
-3.929727601447739360e+00
-3.929727570809368409e+00
-3.929727548777925072e+00
-3.929727517146996529e+00
-3.929727492652970611e+00
-3.929727456263996554e+00
-3.929727425150760123e+00
-3.929727379975008539e+00
-3.929727338686914262e+00
-3.929727281675565287e+00
-3.929727227239763199e+00
-3.929727154689812707e+00
-3.929727082021866824e+00
-3.929726985945168671e+00
-3.929726883473610322e+00
-3.929726753390092142e+00
-3.929726613693069304e+00
-3.929726440419762934e+00
-3.929726250913576191e+00
-3.929726020509000772e+00
-3.929725768031941513e+00
-3.929725470560466061e+00
-3.929725147563801979e+00
-3.929724774480645610e+00
-3.929724375320732488e+00
-3.929723930232329909e+00
-3.929723468358473415e+00
-3.929722973325935786e+00
-3.929722477203358544e+00
-3.929721963403471019e+00
-3.929721462354242689e+00
-3.929720952255757016e+00
-3.929720457704962477e+00
-3.929719949180852545e+00
-3.929719445097296759e+00
-3.929718910340765703e+00
-3.929718357276569929e+00
-3.929717747073671941e+00
-3.929717102592378719e+00
-3.929716391267657816e+00
-3.929715637801987960e+00
-3.929714810677062520e+00
-3.929713935216190279e+00
-3.929712976062060825e+00
-3.929711957469729899e+00
-3.929710845010233822e+00
-3.929709670017559109e+00
-3.929708402834506398e+00
-3.929707078736376147e+00
-3.929705671889612617e+00
-3.929704223496345517e+00
-3.929702711954441874e+00
-3.929701184497914834e+00
-3.929699623763667660e+00
-3.929698082996533337e+00
-3.929696548895927677e+00
-3.929695080638936577e+00
-3.929693669189610716e+00
-3.929692380272948427e+00
-3.929691209781375871e+00
-3.929690231017813673e+00
-3.929689445978418405e+00
-3.929688936916710951e+00
-3.929688712517206639e+00
-3.929688862540013705e+00
-3.929689397503715043e+00
-3.929690404538929815e+00
-3.929691879742878591e+00
-3.929693887675875796e+00
-3.929696390001446549e+00
-3.929699415150093245e+00
-3.929702889472024729e+00
-3.929706820986815785e+00
-3.929711133752094465e+00
-3.929715861671509103e+00
-3.929720976895074269e+00
-3.929726583950356122e+00
-3.929732732327070099e+00
-3.929739604031198486e+00
-3.929747309351570461e+00
-3.929756071911727489e+00
-3.929766012015863286e+00
-3.929777341063293683e+00
-3.929790143034605610e+00
-3.929804581860969481e+00
-3.929820681658544146e+00
-3.929838546926557541e+00
-3.929858143777741120e+00
-3.929879529698584228e+00
-3.929902625400026661e+00
-3.929927459688085545e+00
-3.929953934167287333e+00
-3.929982061497165446e+00
-3.930011730007196835e+00
-3.930042958524629704e+00
-3.930075646080282148e+00
-3.930109841537428927e+00
-3.930145488537746257e+00
-3.930182697824159188e+00
-3.930221483240031066e+00
-3.930262048306970790e+00
-3.930304510001503715e+00
-3.930349194902531540e+00
-3.930396351886630946e+00
-3.930446455962318009e+00
-3.930499900728121609e+00
-3.930557302212935866e+00
-3.930619161376570414e+00
-3.930686159979259298e+00
-3.930758789277375431e+00
-3.930837645422671667e+00
-3.930923043147480644e+00
-3.931015343364949732e+00
-3.931114589571845119e+00
-3.931220905339370297e+00
-3.931334176881483344e+00
-3.931454524140106876e+00
-3.931582003114546531e+00
-3.931717100794880793e+00
-3.931860388097816017e+00
-3.932012968738199721e+00
-3.932176024836771866e+00
-3.932351194095268454e+00
-3.932540016818337758e+00
-3.932744291462394681e+00
-3.932965496216850987e+00
-3.933205208799590125e+00
-3.933464574850329409e+00
-3.933744840495583706e+00
-3.934046874067635091e+00
-3.934371785363436125e+00
-3.934720441340596064e+00
-3.935094105388945440e+00
-3.935493877655598993e+00
-3.935921308381863160e+00
-3.936377734169926423e+00
-3.936864866172890220e+00
-3.937384034628356400e+00
-3.937936786846012005e+00
-3.938524066548719116e+00
-3.939146849972932518e+00
-3.939805270728820474e+00
-3.940499298736252154e+00
-3.941227785588535149e+00
-3.941989170903865247e+00
-3.942780416667687859e+00
-3.943597728743243547e+00
-3.944435346596023795e+00
-3.945286260848117621e+00
-3.946140829337650757e+00
-3.946987488983610071e+00
-3.947811164068466550e+00
-3.948593973694383585e+00
-3.949313387554419297e+00
-3.949942845806546643e+00
-3.950449511669016811e+00
-3.950794601753226942e+00
-3.950930512857081300e+00
-3.950800518674318695e+00
-3.950335154614847522e+00
-3.949450573018510546e+00
-3.948044967444729991e+00
-3.945991657633631799e+00
-3.943165640616829837e+00
-3.939530852132590244e+00
-3.934832596448949449e+00
-3.928554115247961942e+00
-3.920069059134648981e+00
-3.908762086561874405e+00
-3.894151337960916504e+00
-3.875954195783229750e+00
-3.854115423143658958e+00
-3.828785062637384051e+00
-3.800273897079802232e+00
-3.768990114693062221e+00
-3.735380912864056047e+00
-3.699882436894719628e+00
-3.662892304310389591e+00
-3.624761667908176221e+00
-3.585808502788212504e+00
-3.546341090935686502e+00
-3.506683752784911068e+00
-3.467193087009901031e+00
-3.428255349477339564e+00
-3.390264879389779384e+00
-3.353573330240728900e+00
-3.318465749995575198e+00
-3.285176527410412550e+00
-3.253642825398139315e+00
-3.223429263062564498e+00
-3.193754812161018197e+00
-3.163560138919045084e+00
-3.131625937356408151e+00
-3.096795006946813977e+00
-3.058143016163970884e+00
-3.015112350982706246e+00
-2.967263437436864049e+00
-2.914164549136658344e+00
-2.855523360379665476e+00
-2.791134045013409004e+00
-2.720905017568385542e+00
-2.644804654605938055e+00
-2.562995488406615507e+00
-2.475612078906521685e+00
-2.382551123229765366e+00
-2.283587148672280076e+00
-2.178489817921620553e+00
-2.067119186399520636e+00
-1.949607981726306560e+00
-1.826313345312965186e+00
-1.697516188154970962e+00
-1.563502902293242958e+00
-1.424617484037142834e+00
-1.281341756551942490e+00
-1.134320359965890646e+00
-9.843837849243416427e-01
-8.325211255362008345e-01
-6.798598739168814076e-01
-5.276171293873130885e-01
-3.770699933499886414e-01
-2.295071623778028869e-01
-8.620094090443779222e-02
5.163894222687982066e-02
1.828928426269037788e-01
3.065785745787561467e-01
4.218805462524345962e-01
5.281988874486168717e-01
6.251731440711945087e-01
7.127164121496727400e-01
7.910021267340606732e-01
8.604502871377884832e-01
9.216497920502439989e-01
9.753072599952442578e-01
1.022119005550526261e+00
1.062909562858477264e+00
1.098828081964898784e+00
1.131076320151582326e+00
1.160766057402605966e+00
1.188783448089468342e+00
1.215630015612813253e+00
1.241481697002601692e+00
1.266705396848164966e+00
1.291727761333752778e+00
1.316954619646780511e+00
1.342812622108290999e+00
1.369668677541232560e+00
1.397698737375529632e+00
1.427404354572758383e+00
1.459671725146046040e+00
1.495612689080778601e+00
1.536429087346100841e+00
1.583270181590928694e+00
1.636960652123245374e+00
1.698197004045554070e+00
1.767686100042768382e+00
1.846017143808895478e+00
1.933610505052760109e+00
2.030640048325040858e+00
2.137019343316985509e+00
2.252388422691772529e+00
2.376147878995648721e+00
2.507482515197294592e+00
2.645410441644688859e+00
2.788812194501741892e+00
2.936478128400285659e+00
3.087135970496275750e+00
3.239497084434107776e+00
3.392284548016712531e+00
3.544281656565174909e+00
3.694361594742219257e+00
3.841536264251164123e+00
3.984976470045164643e+00
4.124039111631645049e+00
4.258244050909907763e+00
4.387249020205823413e+00
4.510769297345459172e+00
4.628525520891333400e+00
4.740161948487482846e+00
4.845547127678548449e+00
4.944822206566983347e+00
5.038218741700083214e+00
5.125963519834299653e+00
5.208161332157811074e+00
5.284679322682002578e+00
5.355356903226470955e+00
5.420227860956955190e+00
5.479386133264985581e+00
5.533040023517411754e+00
5.581484404908977126e+00
5.625153552072170271e+00
5.664489540029200576e+00
5.700052379838719041e+00
5.732768660648153158e+00
5.763797652230540081e+00
5.794360507044458153e+00
5.825518132041308306e+00
5.858052820635410107e+00
5.892400852085796004e+00
5.928625551350901191e+00
5.966492555328009040e+00
6.005716351182729618e+00
6.045944302606660159e+00
6.086780613779527727e+00
6.127837151486447809e+00
6.168755130442431067e+00
6.209207833746906324e+00
6.248884486311988340e+00
6.287464572557987630e+00
6.324594371117512104e+00
6.359873599309956660e+00
6.392863258253921543e+00
6.423112964141420633e+00
6.450210897848014824e+00
6.473842097194834722e+00
6.493851773867450383e+00
6.510289873504340186e+00
6.523433291013516211e+00
6.533757869479955183e+00
6.541872842066267069e+00
6.548398541403170903e+00
6.553846003053533487e+00
6.558464630815162622e+00
6.562285743811955285e+00
6.565430166160039605e+00
6.568020950277834835e+00
6.570156719593215122e+00
6.571918475076762078e+00
6.573373022581845859e+00
6.574574528974665100e+00
6.575568063420067055e+00
6.576389923478094701e+00
6.577070551200169035e+00
6.577634320703834803e+00
6.578101878804655911e+00
6.578489643235394091e+00
6.578811694372427965e+00
6.579079118040973562e+00
6.579301566007325519e+00
6.579486527379398986e+00
6.579640648627762545e+00
6.579768983292437312e+00
6.579876133048473186e+00
6.579965501735824951e+00
6.580040298650125408e+00
6.580102810911879097e+00
6.580155296663113162e+00
6.580199283957422374e+00
6.580236375846689967e+00
6.580267580296507823e+00
6.580294047342514219e+00
6.580316430744081124e+00
6.580335565237437123e+00
6.580351862481184533e+00
6.580365938344700183e+00
6.580378040401272166e+00
6.580388631867853277e+00
6.580397849486593564e+00
6.580406049110298916e+00
6.580413292326845465e+00
6.580419858526848742e+00
6.580425758590448204e+00
6.580431216928690041e+00
6.580436210768352723e+00
6.580440924945907710e+00
6.580445314971973048e+00
6.580449536984734671e+00
6.580453532927822202e+00
6.580457437762326833e+00
6.580461185310832128e+00
6.580464894374226326e+00
6.580468494088773213e+00
6.580472090701440457e+00
6.580475611173506323e+00
6.580479151879723432e+00
6.580482639368300468e+00
6.580486162153694529e+00
6.580489647534042419e+00
6.580493177664489046e+00
6.580496681356136968e+00
6.580500235282642052e+00
6.580503770115194939e+00
6.580507357834162185e+00
6.580510931173629174e+00
6.580514557781396157e+00
6.580518172635628105e+00
6.580521839726931610e+00
6.580525496323485157e+00
6.580529202805143640e+00
6.580532898810082187e+00
6.580536641836935985e+00
6.580540373950570121e+00
6.580544149767619366e+00
6.580547913675671268e+00
6.580551717634077313e+00
6.580555508230083284e+00
6.580559334896076251e+00
6.580563146296291244e+00
6.580566989479766704e+00
6.580570815239713767e+00
6.580574668295858132e+00
6.580578501409441117e+00
6.580582357152620965e+00
6.580586190272732949e+00
6.580590041334884788e+00
6.580593866905032563e+00
6.580597705753519655e+00
6.580601515606561591e+00
6.580605332435337296e+00
6.580609116687131888e+00
6.580612903160369953e+00
6.580616653872385591e+00
6.580620401963965804e+00
6.580624111167122869e+00
6.580627812816945976e+00
6.580631472177106644e+00
6.580635119065397554e+00
6.580638720283039866e+00
6.580642304128216047e+00
6.580645839004921172e+00
6.580649351623148569e+00
6.580652811927915735e+00
6.580656245239469015e+00
6.580659622939862174e+00
6.580662968963181925e+00
6.580666256024733762e+00
6.580669506687132575e+00
6.580672695046599685e+00
6.580675842255479857e+00
6.580678923840101113e+00
6.580681959710388718e+00
6.580684926717828453e+00
6.580687843553016947e+00
6.580690688296116697e+00
6.580693478415875042e+00
6.580696193377782777e+00
6.580698849553280994e+00
6.580701427777352563e+00
6.580703943284659019e+00
6.580706378166921944e+00
6.580708746453225011e+00
6.580711031437542324e+00
6.580713246107623426e+00
6.580715374975604881e+00
6.580717429972760435e+00
6.580719396924908260e+00
6.580721286797418301e+00
6.580723086669322264e+00
6.580724806376170299e+00
6.580726434145574011e+00
6.580727978842416448e+00
6.580729429858352297e+00
6.580730795070305561e+00
6.580732064996260178e+00
6.580733246574394180e+00
6.580734331597910547e+00
6.580735326052760570e+00
6.580736222928428525e+00
6.580737027197248956e+00
6.580737732998906964e+00
6.580738344456737110e+00
6.580738856887109911e+00
6.580739273506932108e+00
6.580739590734618893e+00
6.580739810804035805e+00
6.580739931430756862e+00
6.580739953935649922e+00
6.580739877141131622e+00
6.580739701517129170e+00
6.580739427062670011e+00
6.580739053287826934e+00
6.580738581368020590e+00
6.580738009962043833e+00
6.580737341351801106e+00
6.580736573282889523e+00
6.580735709334479822e+00
6.580734746269527591e+00
6.580733688770039613e+00
6.580732532693422954e+00
6.580731283899383222e+00
6.580729937397164164e+00
6.580728500197316144e+00
6.580726966295884495e+00
6.580725343899972657e+00
6.580723626053533337e+00
6.580721822239264718e+00
6.580719924562913548e+00
6.580717943634438960e+00
6.580715870572748649e+00
6.580713717153320985e+00
6.580711473525832744e+00
6.580709152615758839e+00
6.580706743444066475e+00
6.580704260190400667e+00
6.580701690910479407e+00
6.580699051098306107e+00
6.580696327753688735e+00
6.580693537589731967e+00
6.580690666565986113e+00
6.580687732599333373e+00
6.580684720445333369e+00
6.580681649279465084e+00
6.580678502722064671e+00
6.580675301319639736e+00
6.580672027596296658e+00
6.580668703484886528e+00
6.580665310288297043e+00
6.580661871168914878e+00
6.580658366211079802e+00
6.580654819903550390e+00
6.580651211089577401e+00
6.580647565689784706e+00
6.580643861138723238e+00
6.580640124739751684e+00
6.580636332557191714e+00
6.580632513228922065e+00
6.580628641433801995e+00
6.580624747247494355e+00
6.580620803959487120e+00
6.580616843187199194e+00
6.580612836632571572e+00
6.580608817517061837e+00
6.580604756024066582e+00
6.580600686914137576e+00
6.580596578854532197e+00
6.580592468138757312e+00
6.580588321628956905e+00
6.580584177333957285e+00
6.580580000458206236e+00
6.580575830580814412e+00
6.580571631733363347e+00
6.580567446216395666e+00
6.580563235262440358e+00
6.580559042333269382e+00
6.580554826867159868e+00
6.580550634145545530e+00
6.580546421599907880e+00
6.580542236498251540e+00
6.580538034124080227e+00
6.580533863713241338e+00
6.580529678218955070e+00
6.580525529005705643e+00
6.580521366642461345e+00
6.580517244570677882e+00
6.580513110831951451e+00
6.580509021067796560e+00
6.580504920662239243e+00
6.580500867579801572e+00
6.580496804321736448e+00
6.580492791278947706e+00
6.580488768069955086e+00
6.580484797454739798e+00
6.580480815439282871e+00
6.580476887072735259e+00
6.580472944702312255e+00
6.580469055620949526e+00
6.580465147842185836e+00
6.580461290721830281e+00
6.580457407578972351e+00
6.580453569629178823e+00
6.580449694708212505e+00
6.580445855543582745e+00
6.580441963609266587e+00
6.580438092381367454e+00
6.580434145471025786e+00
6.580430195940320637e+00
6.580426137526141694e+00
6.580422041115238763e+00
6.580417787888917402e+00
6.580413444047524152e+00
6.580408874610310654e+00
6.580404137656082675e+00
6.580399077024463139e+00
6.580393737226281736e+00
6.580387933400001721e+00
6.580381688339421054e+00
6.580374777605773495e+00
6.580367190339378780e+00
6.580358647120023718e+00
6.580349086380983259e+00
6.580338152238337734e+00
6.580325707971977245e+00
6.580311290331996688e+00
6.580294651767764513e+00
6.580275176374507318e+00
6.580252452516702988e+00
6.580225645420261671e+00
6.580194101349906788e+00
6.580156670230324245e+00
6.580112344122353463e+00
6.580059519933479706e+00
6.579996669639825768e+00
6.579921535058175230e+00
6.579831829101410179e+00
6.579724342431727990e+00
6.579595671246177169e+00
6.579441213826171087e+00
6.579255916672750892e+00
6.579033133270836053e+00
6.578765374559087498e+00
6.578442988726893148e+00
6.578054890003306454e+00
6.577586997968972504e+00
6.577022894954747123e+00
6.576341934103806075e+00
6.575519741372431781e+00
6.574525874669042480e+00
6.573324036518088498e+00
6.571869157714998799e+00
6.570107071489871053e+00
6.567970971949954162e+00
6.565379858234794419e+00
6.562235106877451152e+00
6.558413665585055341e+00
6.553794710200969931e+00
6.548346921741538651e+00
6.541820896361491222e+00
6.533705598650402457e+00
6.523380695914961613e+00
6.510236955151526672e+00
6.493798533184119925e+00
6.473788535260549537e+00
6.450157015604797373e+00
6.423058762675963429e+00
6.392808738452769646e+00
6.359818762190236896e+00
6.324539217410728220e+00
6.287409103097457930e+00
6.248828701503378547e+00
6.209151734023807379e+00
6.168698715563536439e+00
6.127780421108016462e+00
6.086723566499847138e+00
6.045886936796919464e+00
6.005658663603473002e+00
5.966434542617009562e+00
5.928567207452586807e+00
5.892342177484608534e+00
5.857993817001248438e+00
5.825458789388419767e+00
5.794300807028331057e+00
5.763737568160443026e+00
5.732708159114491941e+00
5.699991424088335812e+00
5.664428096867417217e+00
5.625091592325242473e+00
5.581421906076129424e+00
5.532976969981665327e+00
5.479322517590278885e+00
5.420163683626967988e+00
5.355292173121009469e+00
5.284614056910970525e+00
5.208095554281848116e+00
5.125897255950752296e+00
5.038152033770878724e+00
4.944755109237155999e+00
4.845479702828580315e+00
4.740094259136797383e+00
4.628457626925777113e+00
4.510701252024425401e+00
4.387180869536400074e+00
4.258175833605752914e+00
4.123970861146335487e+00
3.984908216075554233e+00
3.841468035205076959e+00
3.694293418733150869e+00
3.544213562668038886e+00
3.392216565680068907e+00
3.239429243163871597e+00
3.087068298056228066e+00
2.936410649931192385e+00
2.788744930896279062e+00
2.645343409561085934e+00
2.507415726784648413e+00
2.376081343442426608e+00
2.252322147230521043e+00
2.136953335543376298e+00
2.030574317108211790e+00
1.933545061837949053e+00
1.845952001411850008e+00
1.767621271098922309e+00
1.698132496614583431e+00
1.636896465835759873e+00
1.583206302791026809e+00
1.536365487454733447e+00
1.495549337261260270e+00
1.459608595427055677e+00
1.427341425422520960e+00
1.397635994995882092e+00
1.369606114545469211e+00
1.342750242056851562e+00
1.316892424800879979e+00
1.291665745941194432e+00
1.266643555837279278e+00
1.241420025057008880e+00
1.215568506914955549e+00
1.188722100547481064e+00
1.160704868976731863e+00
1.131015283178723241e+00
1.098767184490332616e+00
1.062848788887948537e+00
1.022058334573813898e+00
9.752466722815952282e-01
9.215892713110960255e-01
8.603898073350999542e-01
7.909416576744573435e-01
7.126559234094712592e-01
6.251126108184809071e-01
5.281382932771322425e-01
4.218198859047516125e-01
3.065178534595364712e-01
1.828320761839523356e-01
5.157815322823144921e-02
-8.626172433831238995e-02
-2.295679096218835868e-01
-3.771306726306977719e-01
-5.276777092613244013e-01
-6.799203230744244042e-01
-8.325814127230516393e-01
-9.844438777208838198e-01
-1.134380224309943230e+00
-1.281401355965244404e+00
-1.424676780212723815e+00
-1.563561855844616488e+00
-1.697574760728786103e+00
-1.826371501570328348e+00
-1.949665692011756102e+00
-2.067176428421297896e+00
-2.178546578091111297e+00
-2.283643421424069508e+00
-2.382606909292301456e+00
-2.475667381346755569e+00
-2.563050308660348442e+00
-2.644858987538131867e+00
-2.720958850515453165e+00
-2.791187371432401587e+00
-2.855576177894480594e+00
-2.914216857503954650e+00
-2.967315239816774142e+00
-3.015163653361606411e+00
-3.058193828004693415e+00
-3.096845340424127180e+00
-3.131675807566439484e+00
-3.163609562511585871e+00
-3.193803807315053422e+00
-3.223477846055158746e+00
-3.253691009076995933e+00
-3.285224320370276896e+00
-3.318513156653597918e+00
-3.353620349205820084e+00
-3.390311509819899261e+00
-3.428301593715421092e+00
-3.467238946062519478e+00
-3.506729227604633348e+00
-3.546386181681712824e+00
-3.585853209539336728e+00
-3.624805990222707219e+00
-3.662936241743417920e+00
-3.699925988662624565e+00
-3.735424078254785840e+00
-3.769032892766711829e+00
-3.800316287013907335e+00
-3.828827063439514511e+00
-3.854157033963493628e+00
-3.875995415629110319e+00
-3.894192166000771227e+00
-3.908802521834789712e+00
-3.920109100853875095e+00
-3.928593762494796415e+00
-3.934871848484588153e+00
-3.939569708060817632e+00
-3.943204099713451871e+00
-3.946029718966362232e+00
-3.948082630235382418e+00
-3.949487836207653313e+00
-3.950372017273498404e+00
-3.950836979485168321e+00
-3.950966570586178062e+00
-3.950830254595279367e+00
-3.950484757795750479e+00
-3.949977682503577725e+00
-3.949347811911018358e+00
-3.948627981435074652e+00
-3.947844750562851335e+00
-3.947020647552218708e+00
-3.946173553078309304e+00
-3.945318539460710650e+00
-3.944467177909964484e+00
-3.943629112055055064e+00
-3.942811336561953706e+00
-3.942019601444671117e+00
-3.941257690235099087e+00
-3.940528632443890622e+00
-3.939833984044608606e+00
-3.939174897758279226e+00
-3.938551408366446793e+00
-3.937963390367275718e+00
-3.937409875615543786e+00
-3.936889930232577939e+00
-3.936402015971309343e+00
-3.935944812553918037e+00
-3.935516617565955055e+00
-3.935116103360525308e+00
-3.934741726992880828e+00
-3.934392395336377302e+00
-3.934066850145188532e+00
-3.933764229165893411e+00
-3.933483425516357546e+00
-3.933223573494513126e+00
-3.932983428128136616e+00
-3.932761844955180219e+00
-3.932557246290120823e+00
-3.932368154245797776e+00
-3.932192769712911318e+00
-3.932029552111186987e+00
-3.931876862560058417e+00
-3.931733518152225493e+00
-3.931598413452029650e+00
-3.931470976173532250e+00
-3.931350716919582045e+00
-3.931237577534683947e+00
-3.931131434709167483e+00
-3.931032398989708909e+00
-3.930940342185364589e+00
-3.930855216267022278e+00
-3.930776654333852260e+00
-3.930704335857113652e+00
-3.930637657468139423e+00
-3.930576121143035451e+00
-3.930519037060741905e+00
-3.930465897047598300e+00
-3.930416076717504037e+00
-3.930369175614908617e+00
-3.930324711305653640e+00
-3.930282430629229218e+00
-3.930242002544999558e+00
-3.930203313606384530e+00
-3.930166168243470093e+00
-3.930130562621247048e+00
-3.930096395524643071e+00
-3.930063737347513797e+00
-3.930032538764924865e+00
-3.930002890926461045e+00
-3.929974776921909108e+00
-3.929948308284366920e+00
-3.929923472881429625e+00
-3.929900373015343451e+00
-3.929878980980626491e+00
-3.929859370681156872e+00
-3.929841481601137332e+00
-3.929825343820915418e+00
-3.929810850273010914e+00
-3.929797975545451738e+00
-3.929786557871519204e+00
-3.929776514990298786e+00
-3.929767638709409816e+00
-3.929759811398311431e+00
-3.929752812904128589e+00
-3.929746535707859589e+00
-3.929740801087467261e+00
-3.929735562130455051e+00
-3.929730717228469672e+00
-3.929726296436028665e+00
-3.929722268276182096e+00
-3.929718710415121219e+00
-3.929715616711468851e+00
-3.929713062029711601e+00
-3.929711019295295316e+00
-3.929709527609010600e+00
-3.929708523341213677e+00
-3.929708010812964947e+00
-3.929707903506695743e+00
-3.929708191064138934e+00
-3.929708784094986473e+00
-3.929709673866892850e+00
-3.929710778285489869e+00
-3.929712095097051439e+00
-3.929713550908361608e+00
-3.929715149260582407e+00
-3.929716823930266223e+00
-3.929718582854429876e+00
-3.929720365694008510e+00
-3.929722183859626128e+00
-3.929723982075290500e+00
-3.929725774897814716e+00
-3.929727512190939631e+00
-3.929729211948399747e+00
-3.929730829439830320e+00
-3.929732386422954971e+00
-3.929733843866680676e+00
-3.929735227420674271e+00
-3.929736503552658355e+00
-3.929737701578890796e+00
-3.929738793025133514e+00
-3.929739810623351204e+00
-3.929740730778672475e+00
-3.929741589508597421e+00
-3.929742367948714676e+00
-3.929743104830114131e+00
-3.929743784871980061e+00
-3.929744447868806834e+00
-3.929745079203471381e+00
-3.929745715830947450e+00
-3.929746339412096390e+00
-3.929746980076572527e+00
-3.929747613003295115e+00
-3.929748260342562194e+00
-3.929748891693935597e+00
-3.929749524267904359e+00
-3.929750126413903200e+00
-3.929750715249462178e+00
-3.929751261986174526e+00
-3.929751786691780158e+00
-3.929752265092380625e+00
-3.929752720137345001e+00
-3.929753130875077272e+00
-3.929753521428359431e+00
-3.929753872327996778e+00
-3.929754207609697403e+00
-3.929754508313218153e+00
-3.929754797780725895e+00
-3.929755057354235248e+00
-3.929755309484530112e+00
-3.929755535649408937e+00
-3.929755757595718713e+00
-3.929755957035626857e+00
-3.929756154995369233e+00
-3.929756333516710942e+00
-3.929756513163608744e+00
-3.929756676433310947e+00
-3.929756843643544162e+00
-3.929756997755688985e+00
-3.929757158727437805e+00
-3.929757309772160312e+00
-3.929757470586695778e+00
-3.929757624456521992e+00
-3.929757791546705903e+00
-3.929757948697519154e+00
-3.929758111605357485e+00
-3.929758275684834157e+00
-3.929758465787381194e+00
-3.929758674504322702e+00
-3.929758924666938658e+00
-3.929759204241215720e+00
-3.929759525455255531e+00
-3.929759869447050136e+00
-3.929760244918303780e+00
-3.929760630678452049e+00
-3.929761033725202690e+00
-3.929761432372286922e+00
-3.929761833133980087e+00
-3.929762215025679684e+00
-3.929762585087531956e+00
-3.929762923880372405e+00
-3.929763239658633278e+00
-3.929763515152691511e+00
-3.929763760056264932e+00
-3.929763959074548563e+00
-3.929764123214007032e+00
-3.929764238759942963e+00
-3.929764317483403158e+00
-3.929764346934231600e+00
-3.929764339114726557e+00
-3.929764282385758811e+00
-3.929764188832389316e+00
-3.929764047420443607e+00
-3.929763870352217747e+00
-3.929763647356966594e+00
-3.929763390923505018e+00
-3.929763091743580627e+00
-3.929762762606457294e+00
-3.929762395335653746e+00
-3.929762003205435672e+00
-3.929761579162476259e+00
-3.929761137174444752e+00
-3.929760671356280710e+00
-3.929760196316168130e+00
-3.929759707547647363e+00
-3.929759220141071818e+00
-3.929758730495879426e+00
-3.929758253856340033e+00
-3.929757787173104422e+00
-3.929757345196731144e+00
-3.929756924357609371e+00
-3.929756537096173119e+00
-3.929756177752193658e+00
-3.929755852324685605e+00
-3.929755545483124113e+00
-3.929755257765415788e+00
-3.929754972647162337e+00
-3.929754687205603059e+00
-3.929754393011360314e+00
-3.929754105830027822e+00
-3.929753815137195794e+00
-3.929753528846648081e+00
-3.929753237248594377e+00
-3.929752949741389223e+00
-3.929752657472642241e+00
-3.929752364198890735e+00
-3.929752059257940022e+00
-3.929751747597395983e+00
-3.929751418967831977e+00
-3.929751081995886963e+00
-3.929750732547514946e+00
-3.929750367049431148e+00
-3.929749973386243767e+00
-3.929749556488485229e+00
-3.929749113860111720e+00
-3.929748658554000684e+00
-3.929748193791385180e+00
-3.929747734655118840e+00
-3.929747283680230741e+00
-3.929746852563923198e+00
-3.929746439776684586e+00
-3.929746052421625446e+00
-3.929745685317427739e+00
-3.929745342817433151e+00
-3.929745018914183152e+00
-3.929744717957504907e+00
-3.929744435477849240e+00
-3.929744177277879391e+00
-3.929743940261281931e+00
-3.929743730217476028e+00
-3.929743543031748665e+00
-3.929743381769881250e+00
-3.929743239098052232e+00
-3.929743113904724083e+00
-3.929742995604149858e+00
-3.929742880334228250e+00
-3.929742756252351921e+00
-3.929742621514007883e+00
-3.929742470837441992e+00
-3.929742310543176576e+00
-3.929742144927448333e+00
-3.929741986375340002e+00
-3.929741827224024764e+00
-3.929741668519978415e+00
-3.929741507069529849e+00
-3.929741344717065044e+00
-3.929741178007291058e+00
-3.929741008509431754e+00
-3.929740831651756583e+00
-3.929740650725542128e+00
-3.929740465175981967e+00
-3.929740277694197648e+00
-3.929740086997444592e+00
-3.929739895582875064e+00
-3.929739701625942327e+00
-3.929739506922163450e+00
-3.929739310444448908e+00
-3.929739112081902075e+00
-3.929738907693896888e+00
-3.929738698874384539e+00
-3.929738484241248830e+00
-3.929738265704696865e+00
-3.929738042410374277e+00
-3.929737815970174797e+00
-3.929737585416912538e+00
-3.929737351707365267e+00
-3.929737113576118102e+00
-3.929736871409812426e+00
-3.929736624117219801e+00
-3.929736372259714283e+00
-3.929736115456066159e+00
-3.929735855871134831e+00
-3.929735594557446365e+00
-3.929735330699043683e+00
