2.096001336493414247e+00
2.159014475027479563e+00
2.212314343172453679e+00
2.257188249679362713e+00
2.294321292664723178e+00
2.325358134509223351e+00
2.351464246162877192e+00
2.373731992671890279e+00
2.392917431799628236e+00
2.409689471693753582e+00
2.424490433020206837e+00
2.437720410721801123e+00
2.449646382570733749e+00
2.460533209699943047e+00
2.470562094681808762e+00
2.479917546100480319e+00
2.488712874444082068e+00
2.497057608183899546e+00
2.505000433506507918e+00
2.512590689297534929e+00
2.519835121710865433e+00
2.526750976177594143e+00
2.533328361362047421e+00
2.539573988333672538e+00
2.545477305164026927e+00
2.551047079669352957e+00
2.556280655207268104e+00
2.561194901447646277e+00
2.565798256132141741e+00
2.570117170642725046e+00
2.574170658854595839e+00
2.577993395454457826e+00
2.581612086266538153e+00
2.585064149331115502e+00
2.588373756129594305e+00
2.591566788433441015e+00
2.594649874806000067e+00
2.597627754165994229e+00
2.600489864139046592e+00
2.603230997228414001e+00
2.605840847169844210e+00
2.608321016308856155e+00
2.610671342653613891e+00
2.612901561384595173e+00
2.615016747103630745e+00
2.617028240044545928e+00
2.618941536756668853e+00
2.620767523916582409e+00
2.622511689863902706e+00
2.624184500638885087e+00
2.625791328552768533e+00
2.627342015872668135e+00
2.628841413153590434e+00
2.630298197706254282e+00
2.631716013792420039e+00
2.633101688927535822e+00
2.634457008660856747e+00
2.635786537997161894e+00
2.637090174880556859e+00
2.638370785574360333e+00
2.639627496313589727e+00
2.640862935295701153e+00
2.642076778903371892e+00
2.643272215940683623e+00
2.644449483653273258e+00
2.645611664099760230e+00
2.646758518426712836e+00
2.647892067989421339e+00
2.649011012817816813e+00
2.650116232414326145e+00
2.651205678654460218e+00
2.652279641110530051e+00
2.653335918011235250e+00
2.654374755539295361e+00
2.655394233762742306e+00
2.656394906300139080e+00
2.657375399763444612e+00
2.658336775455386380e+00
2.659278318427528376e+00
2.660201627625470966e+00
2.661106541218315691e+00
2.661994882084020464e+00
2.662866432170438724e+00
2.663722411123627065e+00
2.664561742829607116e+00
2.665384638654701099e+00
2.666189404571245980e+00
2.666976110369855046e+00
2.667743580409718707e+00
2.668492675133077530e+00
2.669223104284569104e+00
2.669936294442360580e+00
2.670632270991866175e+00
2.671312467017091574e+00
2.671976890949718797e+00
2.672626904016354388e+00
2.673262547700972380e+00
2.673885178293458953e+00
2.674494900780794548e+00
2.675093064490512873e+00
2.675679796828336787e+00
2.676256364760524420e+00
2.676822802682119029e+00
2.677380149511895624e+00
2.677928181751840331e+00
2.678467571930605029e+00
2.678997781927885402e+00
2.679519202485265428e+00
2.680031219581985535e+00
2.680534293841543292e+00
2.681028087111030356e+00
2.681513360524085954e+00
2.681990073472316549e+00
2.682459100993252576e+00
2.682920383185609214e+00
2.683374589538953359e+00
2.683821418973271644e+00
2.684261262730704534e+00
2.684693637964205681e+00
2.685118797719432848e+00
2.685536236463459847e+00
2.685946210951218660e+00
2.686348296966336147e+00
2.686742820100724405e+00
2.687129464307758564e+00
2.687508619835087043e+00
2.687880042339160003e+00
2.688244122712544648e+00
2.688600600592093048e+00
2.688949764759266614e+00
2.689291237238306653e+00
2.689625146277780043e+00
2.689951021930875541e+00
2.690268963968073024e+00
2.690578622450662483e+00
2.690880287601230325e+00
2.691173862033195974e+00
2.691459815562025071e+00
2.691738154314789355e+00
2.692009311647518999e+00
2.692273203614654165e+00
2.692530123456027713e+00
2.692779898066102628e+00
2.693022755724079786e+00
2.693258531767297459e+00
2.693487474063226639e+00
2.693709481148014007e+00
2.693924844139039987e+00
2.694133518801771654e+00
2.694335807151597706e+00
2.694531663069402949e+00
2.694721317484832568e+00
2.694904625847496238e+00
2.695081659295012866e+00
2.695252127974733014e+00
2.695415975520402796e+00
2.695572895321189488e+00
2.695722908555751474e+00
2.695865908938094524e+00
2.696002144326909100e+00
2.696131729222617679e+00
2.696255019186693858e+00
2.696372138303327670e+00
2.696483330351385987e+00
2.696588572955302965e+00
2.696687940529642002e+00
2.696781299303181001e+00
2.696868647327351542e+00
2.696949847624128704e+00
2.697024916546792994e+00
2.697093781319122474e+00
2.697156513077260787e+00
2.697213107936903942e+00
2.697263665771004515e+00
2.697308196348641385e+00
2.697346748412156270e+00
2.697379251368757114e+00
2.697405617732675953e+00
2.697425655000200262e+00
2.697439174691164343e+00
2.697445985782542355e+00
2.697445985782542355e+00
2.697439174691216746e+00
2.697425655000289524e+00
2.697405617732789640e+00
2.697379251368909880e+00
2.697346748412368100e+00
2.697308196348872755e+00
2.697263665771288732e+00
2.697213107937188159e+00
2.697156513077560103e+00
2.697093781319415573e+00
2.697024916547091866e+00
2.696949847624443564e+00
2.696868647327665958e+00
2.696781299303525614e+00
2.696687940529986616e+00
2.696588572955662233e+00
2.696483330351767460e+00
2.696372138303738009e+00
2.696255019187103752e+00
2.696131729223032902e+00
2.696002144327345196e+00
2.695865908938516409e+00
2.695722908556144493e+00
2.695572895321598050e+00
2.695415975520802920e+00
2.695252127975103829e+00
2.695081659295384124e+00
2.694904625847838187e+00
2.694721317485129664e+00
2.694531663069688943e+00
2.694335807151853945e+00
2.694133518802027893e+00
2.693924844139296226e+00
2.693709481148285789e+00
2.693487474063504639e+00
2.693258531767583008e+00
2.693022755724365780e+00
2.692779898066396616e+00
2.692530123456351898e+00
2.692273203614962807e+00
2.692009311647813430e+00
2.691738154315054476e+00
2.691459815562305291e+00
2.691173862033469533e+00
2.690880287601459031e+00
2.690578622450897850e+00
2.690268963968314164e+00
2.689951021931102471e+00
2.689625146278014522e+00
2.689291237238563337e+00
2.688949764759522409e+00
2.688600600592348844e+00
2.688244122712786677e+00
2.687880042339395370e+00
2.687508619835307755e+00
2.687129464307978832e+00
2.686742820100924245e+00
2.686348296966513782e+00
2.685946210951396740e+00
2.685536236463616167e+00
2.685118797719588724e+00
2.684693637964316704e+00
2.684261262730778252e+00
2.683821418973352024e+00
2.683374589539017752e+00
2.682920383185658064e+00
2.682459100993285883e+00
2.681990073472324543e+00
2.681513360524091727e+00
2.681028087110998381e+00
2.680534293841496662e+00
2.680031219581937574e+00
2.679519202485156626e+00
2.678997781927729971e+00
2.678467571930448710e+00
2.677928181751684900e+00
2.677380149511723317e+00
2.676822802681931179e+00
2.676256364760305484e+00
2.675679796828065005e+00
2.675093064490194905e+00
2.674494900780458817e+00
2.673885178293063714e+00
2.673262547700505198e+00
2.672626904015793059e+00
2.671976890949126826e+00
2.671312467016447201e+00
2.670632270991169843e+00
2.669936294441565661e+00
2.669223104283733772e+00
2.668492675132189351e+00
2.667743580408785675e+00
2.666976110368876718e+00
2.666189404570213473e+00
2.665384638653599758e+00
2.664561742828421398e+00
2.663722411122414258e+00
2.662866432169210373e+00
2.661994882082627800e+00
2.661106541216847532e+00
2.660201627623844711e+00
2.659278318425835952e+00
2.658336775453616685e+00
2.657375399761605639e+00
2.656394906298285452e+00
2.655394233760862921e+00
2.654374755537412423e+00
2.653335918009334993e+00
2.652279641108654218e+00
2.651205678652556852e+00
2.650116232412412121e+00
2.649011012815868593e+00
2.647892067987409614e+00
2.646758518424656703e+00
2.645611664097666793e+00
2.644449483651150956e+00
2.643272215938517355e+00
2.642076778901108369e+00
2.640862935293485148e+00
2.639627496311343968e+00
2.638370785572178523e+00
2.637090174878308879e+00
2.635786537994988077e+00
2.634457008658674049e+00
2.633101688925462813e+00
2.631716013790336373e+00
2.630298197704133756e+00
2.628841413151465467e+00
2.627342015870467229e+00
2.625791328550470372e+00
2.624184500636521200e+00
2.622511689861500628e+00
2.620767523914085295e+00
2.618941536754130439e+00
2.617028240041967990e+00
2.615016747100953332e+00
2.612901561382044768e+00
2.610671342651036397e+00
2.608321016306124118e+00
2.605840847167085972e+00
2.603230997225700616e+00
2.600489864136434015e+00
2.597627754163336800e+00
2.594649874803288458e+00
2.591566788430668122e+00
2.588373756126813863e+00
2.585064149328309746e+00
2.581612086263694206e+00
2.577993395451622760e+00
2.574170658851731019e+00
2.570117170639908633e+00
2.565798256129231181e+00
2.561194901444764138e+00
2.556280655204404173e+00
2.551047079666469042e+00
2.545477305161119030e+00
2.539573988330837917e+00
2.533328361359225678e+00
2.526750976174765295e+00
2.519835121708025483e+00
2.512590689294641688e+00
2.505000433503584922e+00
2.497057608181046273e+00
2.488712874441253220e+00
2.479917546097584857e+00
2.470562094678910636e+00
2.460533209696927681e+00
2.449646382567668201e+00
2.437720410718628994e+00
2.424490433017032931e+00
2.409689471690578788e+00
2.392917431796483640e+00
2.373731992668616453e+00
2.351464246159391980e+00
2.325358134505685737e+00
2.294321292661297029e+00
2.257188249675912584e+00
2.212314343168957365e+00
2.159014475023993018e+00
2.096001336489867750e+00
2.018623514493697702e+00
1.919742482345911272e+00
1.794099953018437388e+00
1.642170478451917326e+00
1.467338006927751737e+00
1.273689576495031561e+00
1.064082429794109386e+00
8.403092630220198034e-01
6.036296076422357215e-01
3.561201801233497277e-01
1.011325575883373906e-01
-1.565337833240273702e-01
-4.116599667697247167e-01
-6.594402500152923841e-01
-8.965112856477898129e-01
-1.120780380072024185e+00
-1.330969296293127657e+00
-1.525265237924979589e+00
-1.700790498554977992e+00
-1.853437987834894551e+00
-1.979804787245130315e+00
-2.079399129128686408e+00
-2.157464459779830701e+00
-2.221127203447776921e+00
-2.275029341020440299e+00
-2.320450971035683541e+00
-2.358071635703368418e+00
-2.389531631445005466e+00
-2.415993015989827075e+00
-2.438545476088755937e+00
-2.457942148633796897e+00
-2.474846257955207296e+00
-2.489687824331256571e+00
-2.502844508687525060e+00
-2.514549992726039296e+00
-2.525028722360771027e+00
-2.534422108733683121e+00
-2.542884498464839993e+00
-2.550515342433500532e+00
-2.557428534204698956e+00
-2.563692551166506295e+00
-2.569386583621225295e+00
-2.574552068270217653e+00
-2.579242368990701362e+00
-2.583483578235910461e+00
-2.587317578984249966e+00
-2.590767541386060913e+00
-2.593873758337206237e+00
-2.596662202832025201e+00
-2.599174875720261291e+00
-2.601441309824262138e+00
-2.603504506553843800e+00
-2.605394932984433698e+00
-2.607153131339198460e+00
-2.608806236067871875e+00
-2.610388116118223412e+00
-2.611918259240539442e+00
-2.613420012816799698e+00
-2.614901730549473058e+00
-2.616373761621909377e+00
-2.617832126101655721e+00
-2.619275118426191984e+00
-2.620689740635566256e+00
-2.622068057146865971e+00
-2.623395439363605863e+00
-2.624665506059990161e+00
-2.625868575832318363e+00
-2.627004282821724157e+00
-2.628069773354109628e+00
-2.629070466568709019e+00
-2.630008610424095838e+00
-2.630893028517901744e+00
-2.631728485915700411e+00
-2.632524811460169811e+00
-2.633287125495705538e+00
-2.634024458695415571e+00
-2.634740787131324868e+00
-2.635443213323988232e+00
-2.636133731750223141e+00
-2.636817016893611143e+00
-2.637492890347203911e+00
-2.638163830236554652e+00
-2.638828152574722363e+00
-2.639487227681679204e+00
-2.640139125443030199e+00
-2.640785283440369113e+00
-2.641424277245701724e+00
-2.642057792816642436e+00
-2.642684524871925067e+00
-2.643305715771270048e+00
-2.643919475612549252e+00
-2.644526185816950647e+00
-2.645123329244769117e+00
-2.645710731549760553e+00
-2.646285736120194354e+00
-2.646848164563676331e+00
-2.647395734820857438e+00
-2.647928733038546145e+00
-2.648445630437804788e+00
-2.648947439528154479e+00
-2.649433473437907693e+00
-2.649905390651174031e+00
-2.650363089543009032e+00
-2.650808470345775714e+00
-2.651241473750426625e+00
-2.651663624792586216e+00
-2.652074294002994659e+00
-2.652474159887865390e+00
-2.652861806290543356e+00
-2.653237188651460077e+00
-2.653598540667892802e+00
-2.653945748152476192e+00
-2.654277397023512286e+00
-2.654593914812058753e+00
-2.654894657262299784e+00
-2.655180796936939203e+00
-2.655452458095626245e+00
-2.655711400959712254e+00
-2.655958242957115800e+00
-2.656194994375057572e+00
-2.656422410163227443e+00
-2.656642429008059025e+00
-2.656855676595528681e+00
-2.657063817908622116e+00
-2.657267193421990914e+00
-2.657467078471265953e+00
-2.657663445377528522e+00
-2.657857146211783927e+00
-2.658047813242188973e+00
-2.658235981525838731e+00
-2.658421119359122731e+00
-2.658603670079640491e+00
-2.658783161092150404e+00
-2.658960118287705399e+00
-2.659134212386937701e+00
-2.659306036457290912e+00
-2.659475304816841579e+00
-2.659642540044492076e+00
-2.659807366263926998e+00
-2.659970144916866452e+00
-2.660130374624105620e+00
-2.660288272712413526e+00
-2.660443263709269868e+00
-2.660595495253752052e+00
-2.660744400231539686e+00
-2.660890140426930284e+00
-2.661032231946713456e+00
-2.661170911651286275e+00
-2.661305815394602536e+00
-2.661437266747900043e+00
-2.661565007506265346e+00
-2.661689408664999146e+00
-2.661810250421177138e+00
-2.661927867766269440e+00
-2.662041993490968483e+00
-2.662152859574078434e+00
-2.662260120805788333e+00
-2.662363922833492325e+00
-2.662463901109913156e+00
-2.662560203425660799e+00
-2.662652542328690419e+00
-2.662741154455898762e+00
-2.662825888777786254e+00
-2.662907094893831594e+00
-2.662984746063757235e+00
-2.663059263831009549e+00
-2.663130684538848048e+00
-2.663199435093069223e+00
-2.663265552177529916e+00
-2.663329416324753840e+00
-2.663391026253540517e+00
-2.663450691383766333e+00
-2.663508356142408662e+00
-2.663564250069212047e+00
-2.663618261452202152e+00
-2.663670546924637783e+00
-2.663720955334363705e+00
-2.663769598919441428e+00
-2.663816326193005235e+00
-2.663861251226613103e+00
-2.663904264495408736e+00
-2.663945510988001253e+00
-2.663984931758073937e+00
-2.664022687514245202e+00
-2.664058735257799793e+00
-2.664093211368191216e+00
-2.664126053065329014e+00
-2.664157347445788027e+00
-2.664187000989119536e+00
-2.664215052614574919e+00
-2.664241385185275757e+00
-2.664266000142093471e+00
-2.664288770057431588e+00
-2.664309675659473076e+00
-2.664328599079188287e+00
-2.664345521662311533e+00
-2.664360354712400625e+00
-2.664373096174351030e+00
-2.664383696663308765e+00
-2.664392173267965624e+00
-2.664398510318208846e+00
-2.664402731286342085e+00
-2.664404836270501065e+00
-2.664404836270454435e+00
-2.664402731286275028e+00
-2.664398510318087165e+00
-2.664392173267834618e+00
-2.664383696663159551e+00
-2.664373096174168953e+00
-2.664360354712209666e+00
-2.664345521662095706e+00
-2.664328599078950699e+00
-2.664309675659199073e+00
-2.664288770057162026e+00
-2.664266000141808366e+00
-2.664241385184944466e+00
-2.664215052614184565e+00
-2.664187000988700316e+00
-2.664157347445227142e+00
-2.664126053064753474e+00
-2.664093211367551728e+00
-2.664058735257112787e+00
-2.664022687513527554e+00
-2.663984931757340746e+00
-2.663945510987220544e+00
-2.663904264494562746e+00
-2.663861251225717819e+00
-2.663816326192137485e+00
-2.663769598918527937e+00
-2.663720955333431561e+00
-2.663670546923685212e+00
-2.663618261451186520e+00
-2.663564250068186201e+00
-2.663508356141325972e+00
-2.663450691382589941e+00
-2.663391026252297511e+00
-2.663329416323488186e+00
-2.663265552176222961e+00
-2.663199435091712974e+00
-2.663130684537492687e+00
-2.663059263829626211e+00
-2.662984746062337038e+00
-2.662907094892493998e+00
-2.662825888776355843e+00
-2.662741154454477677e+00
-2.662652542327224481e+00
-2.662560203424144678e+00
-2.662463901108349962e+00
-2.662363922831890495e+00
-2.662260120804230468e+00
-2.662152859572344710e+00
-2.662041993489184133e+00
-2.661927867764424693e+00
-2.661810250419265778e+00
-2.661689408663077572e+00
-2.661565007504339775e+00
-2.661437266745788843e+00
-2.661305815392474461e+00
-2.661170911649131998e+00
-2.661032231944562287e+00
-2.660890140424728934e+00
-2.660744400229301476e+00
-2.660595495251496967e+00
-2.660443263706980144e+00
-2.660288272710043866e+00
-2.660130374621604954e+00
-2.659970144914326706e+00
-2.659807366261421446e+00
-2.659642540041873726e+00
-2.659475304814260088e+00
-2.659306036454745392e+00
-2.659134212384392626e+00
-2.658960118285094598e+00
-2.658783161089445901e+00
-2.658603670077068770e+00
-2.658421119356535467e+00
-2.658235981523352720e+00
-2.658047813239730495e+00
-2.657857146209271715e+00
-2.657663445375046951e+00
-2.657467078468910060e+00
-2.657267193419653228e+00
-2.657063817906299974e+00
-2.656855676593107063e+00
-2.656642429005631190e+00
-2.656422410160784953e+00
-2.656194994372630180e+00
-2.655958242954720827e+00
-2.655711400957327939e+00
-2.655452458093371160e+00
-2.655180796934719201e+00
-2.654894657259907920e+00
-2.654593914809791233e+00
-2.654277397021226115e+00
-2.653945748150192241e+00
-2.653598540665558669e+00
-2.653237188649227196e+00
-2.652861806288413948e+00
-2.652474159885756411e+00
-2.652074294000885235e+00
-2.651663624790495444e+00
-2.651241473748318977e+00
-2.650808470343755552e+00
-2.650363089540958228e+00
-2.649905390649104575e+00
-2.649433473435847564e+00
-2.648947439526140979e+00
-2.648445630435871223e+00
-2.647928733036623239e+00
-2.647395734818990487e+00
-2.646848164561819150e+00
-2.646285736118286991e+00
-2.645710731547915362e+00
-2.645123329242938581e+00
-2.644526185815108565e+00
-2.643919475610882142e+00
-2.643305715769578956e+00
-2.642684524870224205e+00
-2.642057792814886952e+00
-2.641424277243998642e+00
-2.640785283438607856e+00
-2.640139125441259171e+00
-2.639487227679923276e+00
-2.638828152572914476e+00
-2.638163830234597551e+00
-2.637492890345251251e+00
-2.636817016891507048e+00
-2.636133731748154130e+00
-2.635443213321928102e+00
-2.634740787129217665e+00
-2.634024458693276838e+00
-2.633287125493586789e+00
-2.632524811457880087e+00
-2.631728485913380933e+00
-2.630893028515580045e+00
-2.630008610421733284e+00
-2.629070466566374886e+00
-2.628069773351692895e+00
-2.627004282819276781e+00
-2.625868575829891860e+00
-2.624665506057484610e+00
-2.623395439361123405e+00
-2.622068057144410158e+00
-2.620689740633104226e+00
-2.619275118423619819e+00
-2.617832126099048029e+00
-2.616373761619264382e+00
-2.614901730546916880e+00
-2.613420012814313242e+00
-2.611918259237990370e+00
-2.610388116115799129e+00
-2.608806236065270401e+00
-2.607153131336590768e+00
-2.605394932981764722e+00
-2.603504506551167275e+00
-2.601441309821618031e+00
-2.599174875717751743e+00
-2.596662202829457033e+00
-2.593873758334571011e+00
-2.590767541383470096e+00
-2.587317578981582322e+00
-2.583483578233311651e+00
-2.579242368988102108e+00
-2.574552068267597971e+00
-2.569386583618653130e+00
-2.563692551163898159e+00
-2.557428534202094816e+00
-2.550515342430838661e+00
-2.542884498462266940e+00
-2.534422108731116730e+00
-2.525028722358167332e+00
-2.514549992723391192e+00
-2.502844508684903158e+00
-2.489687824328521426e+00
-2.474846257952390882e+00
-2.457942148631087065e+00
-2.438545476086027453e+00
-2.415993015987043968e+00
-2.389531631442183279e+00
-2.358071635700477842e+00
-2.320450971032735676e+00
-2.275029341017531959e+00
-2.221127203444852594e+00
-2.157464459776787358e+00
-2.079399129125652390e+00
-1.979804787241983277e+00
-1.853437987831719980e+00
-1.700790498551769891e+00
-1.525265237921722195e+00
-1.330969296289634007e+00
-1.120780380068425286e+00
-8.965112856442191136e-01
-6.594402500117125809e-01
-4.116599667661116624e-01
-1.565337833203674367e-01
1.011325575921204062e-01
3.561201801272598222e-01
6.036296076459652937e-01
8.403092630257268381e-01
1.064082429797786444e+00
1.273689576498754583e+00
1.467338006931416139e+00
1.642170478455508009e+00
1.794099953022102456e+00
1.919742482349501955e+00
2.018623514497301041e+00
